,RUNNO,TRNO,R#,O#,P#,CR,MODEL...,EXNAME..,TNAM.....................,FNAM....,WSTA....,WYEAR,SOIL_ID...,XLAT,LONG,ELEV,SDAT,PDAT,EDAT,ADAT,MDAT,HDAT,HYEAR,DWAP,CWAM,HWAM,HWAH,BWAH,PWAM,HWUM,H#AM,H#UM,HIAM,LAIX,FCWAM,FHWAM,HWAHF,FBWAH,FPWAM,IR#M,IRCM,PRCM,ETCM,EPCM,ESCM,ROCM,DRCM,SWXM,NI#M,NICM,NFXM,NUCM,NLCM,NIAM,NMINC,CNAM,GNAM,N2OEM,PI#M,PICM,PUPC,SPAM,KI#M,KICM,KUPC,SKAM,RECM,ONTAM,ONAM,OPTAM,OPAM,OCTAM,OCAM,CO2EM,CH4EM,DMPPM,DMPEM,DMPTM,DMPIM,YPPM,YPEM,YPTM,YPIM,DPNAM,DPNUM,YPNAM,YPNUM,NDCH,TMAXA,TMINA,SRADA,DAYLA,CO2A,PRCP,ETCP,ESCP,EPCP,CRST,MDAT_datetime
0,1,1,1,0,1,BA,CSCER048,ABSR2401,Sim1,-99,W0002401,2024,JP_NRNP06A,43.991,144.118,30,2024001,2024108,2024115,2024174,2024214,2024214,2024,89,6455,2736,2736,0,3162,0.02,13681,22.5,0.424,1.5,-99,-99,-99,-99,-99,0,0,354,351,105,247,2,18,49,1,40,-99,78,0,15,51,74,63,0.069,-99,-99,-99,-99,-99,-99,-99,-99,0,12817,12817,0,0,110795,110792,665,0.0,25.3,25.4,61.7,-99,10.7,10.8,26.2,-99,161.4,83.1,68.4,35.2,99,21.0,10.2,17.7,16.2,419.6,255.6,254.5,-99,-99,1,2024-08-01
1,2,2,1,0,1,BA,CSCER048,ABSR2401,Sim1,-99,W0012401,2024,JP_NRNP06A,43.991,144.118,30,2024001,2024108,2024115,2024174,2024215,2024215,2024,89,6454,2736,2736,0,3162,0.02,13681,22.5,0.424,1.5,-99,-99,-99,-99,-99,0,0,351,354,105,249,1,18,44,1,40,-99,79,0,14,52,75,64,0.069,-99,-99,-99,-99,-99,-99,-99,-99,0,12816,12816,0,0,110785,110783,674,0.0,25.6,25.1,61.4,-99,10.8,10.6,26.0,-99,161.4,81.8,68.4,34.7,100,21.0,10.3,17.6,16.2,419.6,252.6,257.3,-99,-99,1,2024-08-02
2,3,3,1,0,1,BA,CSCER048,ABSR2401,Sim1,-99,W0022401,2024,JP_NRNP06A,43.991,144.118,30,2024001,2024108,2024115,2024174,2024214,2024214,2024,89,6453,2736,2736,0,3162,0.02,13681,22.5,0.424,1.5,-99,-99,-99,-99,-99,0,0,309,350,104,245,0,18,7,1,40,-99,76,0,15,51,72,61,0.07,-99,-99,-99,-99,-99,-99,-99,-99,0,12817,12817,0,0,110797,110794,663,0.0,30.7,25.5,61.8,-99,13.0,10.8,26.2,-99,161.3,85.2,68.4,36.1,99,21.0,10.3,17.5,16.2,419.6,210.1,252.6,-99,-99,1,2024-08-01
3,4,4,1,0,1,BA,CSCER048,ABSR2401,Sim1,-99,W0032401,2024,JP_NRNP06A,43.991,144.118,30,2024001,2024108,2024115,2024174,2024213,2024213,2024,89,6453,2736,2736,0,3162,0.02,13681,22.5,0.424,1.5,-99,-99,-99,-99,-99,0,0,310,347,104,243,0,18,11,1,40,-99,75,0,16,50,70,59,0.07,-99,-99,-99,-99,-99,-99,-99,-99,0,12818,12818,0,0,110805,110802,654,0.0,30.5,25.8,62.0,-99,12.9,11.0,26.3,-99,161.3,86.6,68.4,36.7,98,21.1,10.3,17.8,16.2,419.6,211.5,249.8,-99,-99,1,2024-07-31
4,5,5,1,0,1,BA,CSCER048,ABSR2401,Sim1,-99,W0042401,2024,JP_NRNP06A,43.991,144.118,30,2024001,2024108,2024115,2024174,2024214,2024214,2024,89,6453,2736,2736,0,3162,0.02,13681,22.5,0.424,1.5,-99,-99,-99,-99,-99,0,0,305,347,104,243,0,18,6,1,40,-99,75,0,15,50,71,60,0.07,-99,-99,-99,-99,-99,-99,-99,-99,0,12818,12818,0,0,110804,110801,656,0.0,31.2,25.8,62.0,-99,13.2,10.9,26.3,-99,161.3,86.4,68.4,36.6,99,21.0,10.2,17.8,16.2,419.6,206.7,250.5,-99,-99,1,2024-08-01
5,6,6,1,0,1,BA,CSCER048,ABSR2401,Sim1,-99,W0052401,2024,JP_NRNP06A,43.991,144.118,30,2024001,2024108,2024115,2024174,2024214,2024214,2024,89,6454,2736,2736,0,3162,0.02,13681,22.5,0.424,1.5,-99,-99,-99,-99,-99,0,0,306,348,105,244,0,18,5,1,40,-99,75,0,16,51,71,60,0.07,-99,-99,-99,-99,-99,-99,-99,-99,0,12817,12817,0,0,110799,110797,660,0.0,31.2,25.7,61.7,-99,13.2,10.9,26.2,-99,161.4,86.2,68.4,36.6,99,21.1,10.4,17.8,16.2,419.6,207.1,251.3,-99,-99,1,2024-08-01
6,7,7,1,0,1,BA,CSCER048,ABSR2401,Sim1,-99,W0062401,2024,JP_NRNP06A,43.991,144.118,30,2024001,2024108,2024115,2024174,2024214,2024214,2024,89,6452,2736,2736,0,3162,0.02,13681,22.5,0.424,1.5,-99,-99,-99,-99,-99,0,0,307,349,105,244,0,18,6,1,40,-99,75,0,16,51,71,60,0.07,-99,-99,-99,-99,-99,-99,-99,-99,0,12817,12817,0,0,110797,110794,662,0.0,31.0,25.6,61.7,-99,13.1,10.9,26.2,-99,161.3,85.8,68.4,36.4,99,21.2,10.4,17.7,16.2,419.6,208.3,251.6,-99,-99,1,2024-08-01
7,8,8,1,0,1,BA,CSCER048,ABSR2401,Sim1,-99,W0072401,2024,JP_NRNP06A,43.991,144.118,30,2024001,2024108,2024115,2024174,2024214,2024214,2024,89,6453,2736,2736,0,3162,0.02,13681,22.5,0.424,1.5,-99,-99,-99,-99,-99,0,0,304,347,104,243,0,18,4,1,40,-99,75,0,16,50,71,60,0.07,-99,-99,-99,-99,-99,-99,-99,-99,0,12818,12817,0,0,110802,110799,658,0.0,31.4,25.8,61.9,-99,13.3,10.9,26.2,-99,161.3,86.4,68.4,36.6,99,21.2,10.3,18.0,16.2,419.6,205.3,250.5,-99,-99,1,2024-08-01
8,9,9,1,0,1,BA,CSCER048,ABSR2401,Sim1,-99,W0082401,2024,JP_NRNP06A,43.991,144.118,30,2024001,2024108,2024115,2024174,2024214,2024214,2024,89,6455,2736,2736,0,3162,0.02,13681,22.5,0.424,1.5,-99,-99,-99,-99,-99,0,0,317,350,105,246,0,18,14,1,40,-99,77,0,15,51,73,62,0.07,-99,-99,-99,-99,-99,-99,-99,-99,0,12817,12817,0,0,110795,110792,665,0.0,29.6,25.5,61.7,-99,12.5,10.8,26.2,-99,161.4,84.1,68.4,35.7,99,21.0,10.3,17.7,16.2,419.6,218.4,253.5,-99,-99,1,2024-08-01
9,10,10,1,0,1,BA,CSCER048,ABSR2401,Sim1,-99,W0092401,2024,JP_NRNP06A,43.991,144.118,30,2024001,2024108,2024115,2024174,2024214,2024214,2024,89,6454,2736,2736,0,3162,0.02,13681,22.5,0.424,1.5,-99,-99,-99,-99,-99,0,0,325,353,105,248,0,18,20,1,40,-99,78,0,15,51,74,63,0.069,-99,-99,-99,-99,-99,-99,-99,-99,0,12817,12817,0,0,110795,110792,665,0.0,28.5,25.2,61.6,-99,12.1,10.7,26.1,-99,161.4,83.1,68.4,35.2,99,20.9,10.2,17.8,16.2,419.6,226.4,255.8,-99,-99,1,2024-08-01
10,11,11,1,0,1,BA,CSCER048,ABSR2401,Sim1,-99,W0102401,2024,JP_NRNP06A,43.991,144.118,30,2024001,2024108,2024115,2024174,2024214,2024214,2024,89,6452,2736,2736,0,3162,0.02,13681,22.5,0.424,1.5,-99,-99,-99,-99,-99,0,0,320,353,105,248,0,18,15,1,40,-99,77,0,16,51,73,62,0.07,-99,-99,-99,-99,-99,-99,-99,-99,0,12817,12816,0,0,110790,110787,669,0.0,29.1,25.2,61.6,-99,12.3,10.7,26.1,-99,161.3,83.3,68.4,35.3,99,21.2,10.5,17.6,16.2,419.6,221.8,256.2,-99,-99,1,2024-08-01
11,12,12,1,0,1,BA,CSCER048,ABSR2401,Sim1,-99,W0112401,2024,JP_NRNP06A,43.991,144.118,30,2024001,2024108,2024115,2024174,2024214,2024214,2024,89,6453,2727,2727,0,3153,0.0199,13681,22.5,0.423,1.5,-99,-99,-99,-99,-99,0,0,311,351,105,246,0,18,9,1,40,-99,77,0,14,51,73,62,0.07,-99,-99,-99,-99,-99,-99,-99,-99,0,12817,12817,0,0,110795,110793,664,0.0,30.3,25.4,61.6,-99,12.8,10.7,26.0,-99,161.3,83.9,68.2,35.5,99,21.0,10.2,17.7,16.2,419.6,212.9,253.9,-99,-99,1,2024-08-01
12,13,13,1,0,1,BA,CSCER048,ABSR2401,Sim1,-99,W0122401,2024,JP_NRNP06A,43.991,144.118,30,2024001,2024108,2024115,2024174,2024214,2024214,2024,89,6454,2736,2736,0,3162,0.02,13681,22.5,0.424,1.5,-99,-99,-99,-99,-99,0,0,307,348,104,243,0,18,7,1,40,-99,75,0,16,50,71,60,0.07,-99,-99,-99,-99,-99,-99,-99,-99,0,12818,12817,0,0,110802,110799,658,0.0,31.0,25.7,61.9,-99,13.1,10.9,26.2,-99,161.3,86.4,68.4,36.6,99,21.1,10.4,17.8,16.2,419.6,208.4,250.7,-99,-99,1,2024-08-01
13,14,14,1,0,1,BA,CSCER048,ABSR2401,Sim1,-99,W0132401,2024,JP_NRNP06A,43.991,144.118,30,2024001,2024108,2024115,2024174,2024214,2024214,2024,89,6453,2736,2736,0,3162,0.02,13681,22.5,0.424,1.5,-99,-99,-99,-99,-99,0,0,304,348,104,243,0,18,5,1,40,-99,75,0,16,51,71,60,0.07,-99,-99,-99,-99,-99,-99,-99,-99,0,12817,12817,0,0,110800,110797,660,0.0,31.3,25.7,61.9,-99,13.3,10.9,26.3,-99,161.3,86.1,68.4,36.5,99,21.1,10.3,17.9,16.2,419.6,205.9,250.7,-99,-99,1,2024-08-01
14,15,15,1,0,1,BA,CSCER048,ABSR2401,Sim1,-99,W0142401,2024,JP_NRNP06A,43.991,144.118,30,2024001,2024108,2024115,2024174,2024213,2024213,2024,89,6453,2736,2736,0,3162,0.02,13681,22.5,0.424,1.5,-99,-99,-99,-99,-99,0,0,310,348,104,244,0,18,10,1,40,-99,76,0,15,51,72,61,0.07,-99,-99,-99,-99,-99,-99,-99,-99,0,12817,12817,0,0,110799,110797,660,0.0,30.5,25.7,61.8,-99,12.9,10.9,26.2,-99,161.3,84.9,68.4,36.0,98,21.1,10.4,17.6,16.2,419.6,211.4,251.2,-99,-99,1,2024-07-31
15,16,16,1,0,1,BA,CSCER048,ABSR2401,Sim1,-99,W0152401,2024,JP_NRNP06A,43.991,144.118,30,2024001,2024108,2024115,2024174,2024214,2024214,2024,89,6453,2736,2736,0,3162,0.02,13681,22.5,0.424,1.5,-99,-99,-99,-99,-99,0,0,305,348,104,244,0,18,5,1,40,-99,75,0,15,51,71,60,0.07,-99,-99,-99,-99,-99,-99,-99,-99,0,12817,12817,0,0,110798,110796,661,0.0,31.2,25.7,61.8,-99,13.2,10.9,26.2,-99,161.3,85.7,68.4,36.3,99,21.1,10.3,17.7,16.2,419.6,206.8,251.4,-99,-99,1,2024-08-01
16,17,17,1,0,1,BA,CSCER048,ABSR2401,Sim1,-99,W0162401,2024,JP_NRNP06A,43.991,144.118,30,2024001,2024108,2024115,2024174,2024214,2024214,2024,89,6454,2736,2736,0,3162,0.02,13681,22.5,0.424,1.5,-99,-99,-99,-99,-99,0,0,327,352,105,247,0,18,24,1,40,-99,77,0,15,51,73,62,0.069,-99,-99,-99,-99,-99,-99,-99,-99,0,12817,12817,0,0,110793,110790,667,0.0,28.2,25.3,61.7,-99,12.0,10.7,26.1,-99,161.3,83.6,68.4,35.5,99,21.1,10.3,17.7,16.2,419.6,228.9,254.6,-99,-99,1,2024-08-01
17,18,18,1,0,1,BA,CSCER048,ABSR2401,Sim1,-99,W0172401,2024,JP_NRNP06A,43.991,144.118,30,2024001,2024108,2024115,2024174,2024213,2024213,2024,89,6451,2736,2736,0,3162,0.02,13681,22.5,0.424,1.5,-99,-99,-99,-99,-99,0,0,336,352,104,247,2,18,30,1,40,-99,78,0,15,51,74,63,0.069,-99,-99,-99,-99,-99,-99,-99,-99,0,12817,12817,0,0,110795,110792,665,0.0,27.1,25.3,61.8,-99,11.5,10.7,26.2,-99,161.3,82.9,68.4,35.1,98,21.1,10.4,17.7,16.2,419.6,237.8,254.6,-99,-99,1,2024-07-31
18,19,19,1,0,1,BA,CSCER048,ABSR2401,Sim1,-99,W0182401,2024,JP_NRNP06A,43.991,144.118,30,2024001,2024108,2024115,2024174,2024213,2024213,2024,89,6451,2736,2736,0,3162,0.02,13681,22.5,0.424,1.5,-99,-99,-99,-99,-99,0,0,341,353,105,248,1,18,35,1,40,-99,79,0,14,51,75,64,0.069,-99,-99,-99,-99,-99,-99,-99,-99,0,12817,12817,0,0,110792,110789,667,0.0,26.6,25.2,61.7,-99,11.3,10.7,26.2,-99,161.3,81.7,68.4,34.6,98,21.1,10.4,17.7,16.2,419.6,242.7,255.9,-99,-99,1,2024-07-31
19,20,20,1,0,1,BA,CSCER048,ABSR2401,Sim1,-99,W0192401,2024,JP_NRNP06A,43.991,144.118,30,2024001,2024108,2024115,2024174,2024213,2024213,2024,89,6450,2736,2736,0,3162,0.02,13681,22.5,0.424,1.5,-99,-99,-99,-99,-99,0,0,316,351,104,246,0,18,14,1,40,-99,78,0,14,51,74,63,0.069,-99,-99,-99,-99,-99,-99,-99,-99,0,12817,12816,0,0,110789,110787,670,0.0,29.6,25.4,61.9,-99,12.6,10.8,26.3,-99,161.3,82.5,68.4,35.0,98,21.2,10.4,17.6,16.2,419.6,217.7,253.6,-99,-99,1,2024-07-31
20,21,21,1,0,1,BA,CSCER048,ABSR2401,Sim1,-99,W0202401,2024,JP_NRNP06A,43.991,144.118,30,2024001,2024108,2024115,2024174,2024213,2024213,2024,89,6452,2736,2736,0,3162,0.02,13681,22.5,0.424,1.5,-99,-99,-99,-99,-99,0,0,318,351,105,246,0,18,15,1,40,-99,76,0,16,51,72,61,0.069,-99,-99,-99,-99,-99,-99,-99,-99,0,12817,12817,0,0,110800,110797,659,0.0,29.4,25.4,61.7,-99,12.5,10.8,26.2,-99,161.3,84.4,68.4,35.8,98,21.1,10.3,17.8,16.2,419.6,219.4,254.0,-99,-99,1,2024-07-31
21,22,22,1,0,1,BA,CSCER048,ABSR2401,Sim1,-99,W0212401,2024,JP_NRNP06A,43.991,144.118,30,2024001,2024108,2024115,2024174,2024214,2024214,2024,89,6452,2736,2736,0,3162,0.02,13681,22.5,0.424,1.5,-99,-99,-99,-99,-99,0,0,327,352,104,247,0,18,24,1,40,-99,79,0,14,52,75,64,0.069,-99,-99,-99,-99,-99,-99,-99,-99,0,12816,12816,0,0,110781,110778,679,0.0,28.2,25.3,61.9,-99,12.0,10.7,26.2,-99,161.3,81.3,68.4,34.5,99,21.1,10.4,17.4,16.2,419.6,228.8,254.8,-99,-99,1,2024-08-01
22,23,23,1,0,1,BA,CSCER048,ABSR2401,Sim1,-99,W0222401,2024,JP_NRNP06A,43.991,144.118,30,2024001,2024108,2024115,2024174,2024214,2024214,2024,89,6456,2736,2736,0,3162,0.02,13681,22.5,0.424,1.5,-99,-99,-99,-99,-99,0,0,311,351,105,246,0,18,8,1,40,-99,78,0,14,52,74,63,0.07,-99,-99,-99,-99,-99,-99,-99,-99,0,12816,12816,0,0,110784,110782,675,0.0,30.3,25.4,61.5,-99,12.8,10.8,26.1,-99,161.4,83.0,68.4,35.2,99,21.3,10.4,17.7,16.2,419.6,213.0,254.0,-99,-99,1,2024-08-01
23,24,24,1,0,1,BA,CSCER048,ABSR2401,Sim1,-99,W0232401,2024,JP_NRNP06A,43.991,144.118,30,2024001,2024108,2024115,2024174,2024214,2024214,2024,89,6453,2736,2736,0,3162,0.02,13681,22.5,0.424,1.5,-99,-99,-99,-99,-99,0,0,327,349,104,245,0,18,25,1,40,-99,78,0,15,51,74,63,0.069,-99,-99,-99,-99,-99,-99,-99,-99,0,12817,12817,0,0,110793,110790,666,0.0,28.3,25.6,61.8,-99,12.0,10.8,26.2,-99,161.3,83.1,68.4,35.2,99,21.0,10.3,17.4,16.2,419.6,228.2,252.4,-99,-99,1,2024-08-01
24,25,25,1,0,1,BA,CSCER048,ABSR2401,Sim1,-99,W0242401,2024,JP_NRNP06A,43.991,144.118,30,2024001,2024108,2024115,2024174,2024213,2024213,2024,89,6452,2736,2736,0,3162,0.02,13681,22.5,0.424,1.5,-99,-99,-99,-99,-99,0,0,304,346,104,242,0,18,5,1,40,-99,74,0,16,50,70,59,0.07,-99,-99,-99,-99,-99,-99,-99,-99,0,12818,12818,0,0,110805,110802,654,0.0,31.4,25.9,62.0,-99,13.3,11.0,26.3,-99,161.3,86.6,68.4,36.7,98,21.2,10.3,18.0,16.2,419.6,205.3,249.4,-99,-99,1,2024-07-31
25,26,26,1,0,1,BA,CSCER048,ABSR2401,Sim1,-99,W0252401,2024,JP_NRNP06A,43.991,144.118,30,2024001,2024108,2024115,2024174,2024214,2024214,2024,89,6454,2736,2736,0,3162,0.02,13681,22.5,0.424,1.5,-99,-99,-99,-99,-99,0,0,317,352,105,247,0,18,13,1,40,-99,78,0,14,51,73,62,0.07,-99,-99,-99,-99,-99,-99,-99,-99,0,12817,12816,0,0,110789,110787,670,0.0,29.5,25.3,61.6,-99,12.5,10.7,26.1,-99,161.4,83.3,68.4,35.3,99,21.1,10.3,17.7,16.2,419.6,218.9,255.3,-99,-99,1,2024-08-01
26,27,27,1,0,1,BA,CSCER048,ABSR2401,Sim1,-99,W0262401,2024,JP_NRNP06A,43.991,144.118,30,2024001,2024108,2024115,2024174,2024214,2024214,2024,89,6454,2724,2724,0,3150,0.0199,13681,22.5,0.422,1.5,-99,-99,-99,-99,-99,0,0,325,349,104,245,0,18,24,1,40,-99,76,0,16,51,72,61,0.07,-99,-99,-99,-99,-99,-99,-99,-99,0,12817,12817,0,0,110796,110794,663,0.0,28.5,25.6,61.8,-99,12.0,10.8,26.1,-99,161.4,84.8,68.1,35.8,99,21.0,10.2,17.6,16.2,419.6,226.4,252.1,-99,-99,1,2024-08-01
27,28,28,1,0,1,BA,CSCER048,ABSR2401,Sim1,-99,W0272401,2024,JP_NRNP06A,43.991,144.118,30,2024001,2024108,2024115,2024174,2024214,2024214,2024,89,6453,2736,2736,0,3162,0.02,13681,22.5,0.424,1.5,-99,-99,-99,-99,-99,0,0,310,351,105,246,0,18,8,1,40,-99,76,0,15,51,72,61,0.07,-99,-99,-99,-99,-99,-99,-99,-99,0,12817,12817,0,0,110794,110791,666,0.0,30.5,25.4,61.5,-99,12.9,10.8,26.1,-99,161.3,84.6,68.4,35.9,99,21.2,10.4,17.6,16.2,419.6,211.7,253.7,-99,-99,1,2024-08-01
28,29,29,1,0,1,BA,CSCER048,ABSR2401,Sim1,-99,W0282401,2024,JP_NRNP06A,43.991,144.118,30,2024001,2024108,2024115,2024174,2024214,2024214,2024,89,6454,2736,2736,0,3162,0.02,13681,22.5,0.424,1.5,-99,-99,-99,-99,-99,0,0,357,355,105,250,4,18,47,1,40,-99,80,0,14,52,76,65,0.069,-99,-99,-99,-99,-99,-99,-99,-99,0,12816,12816,0,0,110786,110784,673,0.0,24.9,25.0,61.5,-99,10.6,10.6,26.1,-99,161.4,80.8,68.4,34.3,99,21.0,10.2,17.7,16.2,419.6,259.0,257.7,-99,-99,1,2024-08-01
29,30,30,1,0,1,BA,CSCER048,ABSR2401,Sim1,-99,W0292401,2024,JP_NRNP06A,43.991,144.118,30,2024001,2024108,2024115,2024174,2024214,2024214,2024,89,6454,2736,2736,0,3162,0.02,13681,22.5,0.424,1.5,-99,-99,-99,-99,-99,0,0,307,348,105,244,0,18,7,1,40,-99,75,0,15,50,71,60,0.07,-99,-99,-99,-99,-99,-99,-99,-99,0,12818,12817,0,0,110802,110799,658,0.0,30.9,25.7,61.7,-99,13.1,10.9,26.2,-99,161.3,86.1,68.4,36.5,99,20.9,10.2,17.7,16.2,419.6,208.9,251.5,-99,-99,1,2024-08-01
30,31,31,1,0,1,BA,CSCER048,ABSR2401,Sim1,-99,W0302401,2024,JP_NRNP06A,43.991,144.118,30,2024001,2024108,2024115,2024174,2024214,2024214,2024,89,6457,2736,2736,0,3162,0.02,13681,22.5,0.424,1.5,-99,-99,-99,-99,-99,0,0,321,352,105,247,0,18,17,1,40,-99,79,0,14,52,74,63,0.069,-99,-99,-99,-99,-99,-99,-99,-99,0,12816,12816,0,0,110784,110782,675,0.0,29.0,25.3,61.7,-99,12.3,10.7,26.1,-99,161.4,82.1,68.4,34.8,99,21.0,10.2,17.6,16.2,419.6,222.5,255.0,-99,-99,1,2024-08-01
31,32,32,1,0,1,BA,CSCER048,ABSR2401,Sim1,-99,W0312401,2024,JP_NRNP06A,43.991,144.118,30,2024001,2024108,2024115,2024174,2024214,2024214,2024,89,6454,2736,2736,0,3162,0.02,13681,22.5,0.424,1.5,-99,-99,-99,-99,-99,0,0,318,352,105,247,0,18,13,1,40,-99,78,0,15,51,74,63,0.069,-99,-99,-99,-99,-99,-99,-99,-99,0,12817,12817,0,0,110792,110789,667,0.0,29.4,25.3,61.5,-99,12.5,10.7,26.1,-99,161.3,83.0,68.4,35.2,99,21.1,10.3,17.7,16.2,419.6,219.3,255.4,-99,-99,1,2024-08-01
32,33,33,1,0,1,BA,CSCER048,ABSR2401,Sim1,-99,W0322401,2024,JP_NRNP06A,43.991,144.118,30,2024001,2024108,2024115,2024174,2024214,2024214,2024,89,6454,2736,2736,0,3162,0.02,13681,22.5,0.424,1.5,-99,-99,-99,-99,-99,0,0,307,348,104,244,0,18,7,1,40,-99,75,0,16,50,71,60,0.07,-99,-99,-99,-99,-99,-99,-99,-99,0,12818,12817,0,0,110801,110799,658,0.0,30.9,25.7,61.9,-99,13.1,10.9,26.2,-99,161.4,86.3,68.4,36.6,99,21.0,10.3,17.6,16.2,419.6,208.7,251.1,-99,-99,1,2024-08-01
33,34,34,1,0,1,BA,CSCER048,ABSR2401,Sim1,-99,W0332401,2024,JP_NRNP06A,43.991,144.118,30,2024001,2024108,2024115,2024174,2024214,2024214,2024,89,6454,2736,2736,0,3162,0.02,13681,22.5,0.424,1.5,-99,-99,-99,-99,-99,0,0,304,347,104,243,0,18,4,1,40,-99,75,0,15,50,71,60,0.07,-99,-99,-99,-99,-99,-99,-99,-99,0,12818,12818,0,0,110803,110800,657,0.0,31.4,25.8,61.9,-99,13.3,10.9,26.3,-99,161.3,86.4,68.4,36.6,99,21.0,10.2,18.0,16.2,419.6,205.3,250.5,-99,-99,1,2024-08-01
34,35,35,1,0,1,BA,CSCER048,ABSR2401,Sim1,-99,W0342401,2024,JP_NRNP06A,43.991,144.118,30,2024001,2024108,2024115,2024174,2024214,2024214,2024,89,6454,2736,2736,0,3162,0.02,13681,22.5,0.424,1.5,-99,-99,-99,-99,-99,0,0,305,348,104,243,0,18,5,1,40,-99,75,0,15,51,71,60,0.07,-99,-99,-99,-99,-99,-99,-99,-99,0,12817,12817,0,0,110800,110798,659,0.0,31.3,25.7,61.8,-99,13.3,10.9,26.2,-99,161.3,86.1,68.4,36.5,99,21.1,10.3,17.8,16.2,419.6,206.1,250.9,-99,-99,1,2024-08-01
35,36,36,1,0,1,BA,CSCER048,ABSR2401,Sim1,-99,W0352401,2024,JP_NRNP06A,43.991,144.118,30,2024001,2024108,2024115,2024174,2024214,2024214,2024,89,6454,2736,2736,0,3162,0.02,13681,22.5,0.424,1.5,-99,-99,-99,-99,-99,0,0,311,351,105,246,0,18,9,1,40,-99,76,0,16,51,72,61,0.07,-99,-99,-99,-99,-99,-99,-99,-99,0,12817,12817,0,0,110798,110795,662,0.0,30.4,25.5,61.7,-99,12.9,10.8,26.2,-99,161.3,85.1,68.4,36.1,99,21.1,10.3,17.7,16.2,419.6,212.6,253.6,-99,-99,1,2024-08-01
36,37,37,1,0,1,BA,CSCER048,ABSR2401,Sim1,-99,W0362401,2024,JP_NRNP06A,43.991,144.118,30,2024001,2024108,2024115,2024174,2024214,2024214,2024,89,6455,2736,2736,0,3162,0.02,13681,22.5,0.424,1.5,-99,-99,-99,-99,-99,0,0,337,353,105,249,2,18,30,1,40,-99,80,0,14,52,75,64,0.069,-99,-99,-99,-99,-99,-99,-99,-99,0,12816,12816,0,0,110787,110784,673,0.0,27.1,25.2,61.7,-99,11.5,10.7,26.1,-99,161.4,81.1,68.4,34.4,99,21.1,10.3,17.6,16.2,419.6,238.5,256.2,-99,-99,1,2024-08-01
37,38,38,1,0,1,BA,CSCER048,ABSR2401,Sim1,-99,W0372401,2024,JP_NRNP06A,43.991,144.118,30,2024001,2024108,2024115,2024174,2024214,2024214,2024,89,6454,2736,2736,0,3162,0.02,13681,22.5,0.424,1.5,-99,-99,-99,-99,-99,0,0,322,350,105,246,0,18,20,1,40,-99,77,0,16,51,73,62,0.07,-99,-99,-99,-99,-99,-99,-99,-99,0,12817,12817,0,0,110794,110792,665,0.0,28.8,25.5,61.7,-99,12.2,10.8,26.2,-99,161.4,83.9,68.4,35.6,99,21.0,10.3,17.6,16.2,419.6,223.9,253.2,-99,-99,1,2024-08-01
38,39,39,1,0,1,BA,CSCER048,ABSR2401,Sim1,-99,W0382401,2024,JP_NRNP06A,43.991,144.118,30,2024001,2024108,2024115,2024174,2024213,2024213,2024,89,6452,2736,2736,0,3162,0.02,13681,22.5,0.424,1.5,-99,-99,-99,-99,-99,0,0,402,353,105,249,10,18,87,1,40,-99,79,0,13,51,75,64,0.069,-99,-99,-99,-99,-99,-99,-99,-99,0,12817,12817,0,0,110795,110792,665,0.0,21.3,25.2,61.6,-99,9.0,10.7,26.1,-99,161.3,81.6,68.4,34.6,98,21.1,10.4,17.7,16.2,419.6,303.4,256.3,-99,-99,1,2024-07-31
39,40,40,1,0,1,BA,CSCER048,ABSR2401,Sim1,-99,W0392401,2024,JP_NRNP06A,43.991,144.118,30,2024001,2024108,2024115,2024174,2024213,2024213,2024,89,6454,2736,2736,0,3162,0.02,13681,22.5,0.424,1.5,-99,-99,-99,-99,-99,0,0,304,346,104,242,0,18,5,1,40,-99,74,0,16,50,70,59,0.07,-99,-99,-99,-99,-99,-99,-99,-99,0,12818,12818,0,0,110806,110803,654,0.0,31.4,25.9,62.0,-99,13.3,11.0,26.3,-99,161.4,86.7,68.4,36.7,98,21.1,10.3,17.9,16.2,419.6,205.3,249.5,-99,-99,1,2024-07-31
40,41,41,1,0,1,BA,CSCER048,ABSR2401,Sim1,-99,W0402401,2024,JP_NRNP06A,43.991,144.118,30,2024001,2024108,2024115,2024174,2024214,2024214,2024,89,6455,2713,2713,0,3138,0.0198,13681,22.5,0.42,1.5,-99,-99,-99,-99,-99,0,0,314,352,105,247,0,18,10,1,40,-99,78,0,14,52,74,63,0.07,-99,-99,-99,-99,-99,-99,-99,-99,0,12816,12816,0,0,110787,110785,672,0.0,30.0,25.3,61.6,-99,12.6,10.6,25.9,-99,161.4,82.7,67.8,34.8,99,21.0,10.2,17.7,16.2,419.6,215.5,255.4,-99,-99,1,2024-08-01
41,42,42,1,0,1,BA,CSCER048,ABSR2401,Sim1,-99,W0412401,2024,JP_NRNP06A,43.991,144.118,30,2024001,2024108,2024115,2024174,2024214,2024214,2024,89,6454,2736,2736,0,3162,0.02,13681,22.5,0.424,1.5,-99,-99,-99,-99,-99,0,0,317,351,105,246,0,18,13,1,40,-99,77,0,14,51,73,62,0.07,-99,-99,-99,-99,-99,-99,-99,-99,0,12817,12817,0,0,110791,110788,668,0.0,29.6,25.4,61.4,-99,12.5,10.8,26.0,-99,161.4,83.5,68.4,35.4,99,21.0,10.3,17.8,16.2,419.6,218.1,254.4,-99,-99,1,2024-08-01
42,43,43,1,0,1,BA,CSCER048,ABSR2401,Sim1,-99,W0422401,2024,JP_NRNP06A,43.991,144.118,30,2024001,2024108,2024115,2024174,2024214,2024214,2024,89,6454,2736,2736,0,3162,0.02,13681,22.5,0.424,1.5,-99,-99,-99,-99,-99,0,0,317,352,105,246,0,18,14,1,40,-99,78,0,14,52,74,63,0.07,-99,-99,-99,-99,-99,-99,-99,-99,0,12816,12816,0,0,110785,110783,674,0.0,29.5,25.4,61.3,-99,12.5,10.7,26.0,-99,161.4,83.0,68.4,35.2,99,21.2,10.4,17.8,16.2,419.6,218.6,254.6,-99,-99,1,2024-08-01
43,44,44,1,0,1,BA,CSCER048,ABSR2401,Sim1,-99,W0432401,2024,JP_NRNP06A,43.991,144.118,30,2024001,2024108,2024115,2024174,2024215,2024215,2024,89,6453,2736,2736,0,3162,0.02,13681,22.5,0.424,1.5,-99,-99,-99,-99,-99,0,0,315,349,104,245,0,18,14,1,40,-99,75,0,16,51,71,60,0.07,-99,-99,-99,-99,-99,-99,-99,-99,0,12817,12817,0,0,110800,110798,659,0.0,29.8,25.6,61.9,-99,12.7,10.9,26.2,-99,161.3,86.2,68.4,36.5,100,20.9,10.2,17.7,16.2,419.6,216.2,252.2,-99,-99,1,2024-08-02
44,45,45,1,0,1,BA,CSCER048,ABSR2401,Sim1,-99,W0442401,2024,JP_NRNP06A,43.991,144.118,30,2024001,2024108,2024115,2024174,2024213,2024213,2024,89,6452,2736,2736,0,3162,0.02,13681,22.5,0.424,1.5,-99,-99,-99,-99,-99,0,0,350,351,105,246,6,18,41,1,40,-99,79,0,15,51,74,63,0.069,-99,-99,-99,-99,-99,-99,-99,-99,0,12817,12817,0,0,110796,110794,663,0.0,25.7,25.4,61.6,-99,10.9,10.8,26.1,-99,161.3,82.2,68.4,34.8,98,21.2,10.4,17.7,16.2,419.6,251.3,253.6,-99,-99,1,2024-07-31
45,46,46,1,0,1,BA,CSCER048,ABSR2401,Sim1,-99,W0452401,2024,JP_NRNP06A,43.991,144.118,30,2024001,2024108,2024115,2024174,2024213,2024213,2024,89,6453,2736,2736,0,3162,0.02,13681,22.5,0.424,1.5,-99,-99,-99,-99,-99,0,0,324,352,105,247,0,18,20,1,40,-99,77,0,14,51,73,62,0.069,-99,-99,-99,-99,-99,-99,-99,-99,0,12817,12817,0,0,110794,110791,665,0.0,28.6,25.3,61.5,-99,12.1,10.7,26.1,-99,161.3,83.7,68.4,35.5,98,21.1,10.3,17.8,16.2,419.6,226.0,255.1,-99,-99,1,2024-07-31
46,47,47,1,0,1,BA,CSCER048,ABSR2401,Sim1,-99,W0462401,2024,JP_NRNP06A,43.991,144.118,30,2024001,2024108,2024115,2024174,2024214,2024214,2024,89,6454,2736,2736,0,3162,0.02,13681,22.5,0.424,1.5,-99,-99,-99,-99,-99,0,0,304,348,104,243,0,18,5,1,40,-99,75,0,16,50,71,60,0.07,-99,-99,-99,-99,-99,-99,-99,-99,0,12818,12817,0,0,110802,110799,658,0.0,31.3,25.8,61.9,-99,13.3,10.9,26.2,-99,161.4,86.4,68.4,36.6,99,21.1,10.3,17.9,16.2,419.6,205.9,250.6,-99,-99,1,2024-08-01
47,48,48,1,0,1,BA,CSCER048,ABSR2401,Sim1,-99,W0472401,2024,JP_NRNP06A,43.991,144.118,30,2024001,2024108,2024115,2024174,2024213,2024213,2024,89,6453,2736,2736,0,3162,0.02,13681,22.5,0.424,1.5,-99,-99,-99,-99,-99,0,0,309,347,104,243,0,18,10,1,40,-99,74,0,16,50,70,59,0.07,-99,-99,-99,-99,-99,-99,-99,-99,0,12818,12818,0,0,110805,110803,654,0.0,30.6,25.8,61.9,-99,13.0,11.0,26.3,-99,161.3,86.6,68.4,36.7,98,21.1,10.3,17.7,16.2,419.6,210.8,249.8,-99,-99,1,2024-07-31
48,49,49,1,0,1,BA,CSCER048,ABSR2401,Sim1,-99,W0482401,2024,JP_NRNP06A,43.991,144.118,30,2024001,2024108,2024115,2024174,2024214,2024214,2024,89,6454,2736,2736,0,3162,0.02,13681,22.5,0.424,1.5,-99,-99,-99,-99,-99,0,0,308,351,105,246,0,18,4,1,40,-99,76,0,15,51,72,61,0.07,-99,-99,-99,-99,-99,-99,-99,-99,0,12817,12817,0,0,110795,110793,664,0.0,30.9,25.4,61.5,-99,13.1,10.8,26.1,-99,161.4,85.0,68.4,36.0,99,21.2,10.4,17.9,16.2,419.6,209.1,254.4,-99,-99,1,2024-08-01
49,50,50,1,0,1,BA,CSCER048,ABSR2401,Sim1,-99,W0492401,2024,JP_NRNP06A,43.991,144.118,30,2024001,2024108,2024115,2024174,2024213,2024213,2024,89,6452,2736,2736,0,3162,0.02,13681,22.5,0.424,1.5,-99,-99,-99,-99,-99,0,0,316,349,104,245,0,18,14,1,40,-99,76,0,16,50,72,60,0.069,-99,-99,-99,-99,-99,-99,-99,-99,0,12818,12818,0,0,110802,110800,657,0.0,29.7,25.6,61.8,-99,12.6,10.8,26.2,-99,161.3,85.4,68.4,36.2,98,21.2,10.4,17.9,16.2,419.6,217.1,252.3,-99,-99,1,2024-07-31
50,51,51,1,0,1,BA,CSCER048,ABSR2401,Sim1,-99,W0502401,2024,JP_NRNP06A,43.991,144.118,30,2024001,2024108,2024115,2024174,2024214,2024214,2024,89,6454,2736,2736,0,3162,0.02,13681,22.5,0.424,1.5,-99,-99,-99,-99,-99,0,0,328,350,104,246,0,18,25,1,40,-99,75,0,15,50,71,60,0.07,-99,-99,-99,-99,-99,-99,-99,-99,0,12818,12817,0,0,110801,110799,658,0.0,28.2,25.5,61.8,-99,11.9,10.8,26.2,-99,161.4,86.2,68.4,36.6,99,21.1,10.3,17.9,16.2,419.6,229.1,253.3,-99,-99,1,2024-08-01
51,52,52,1,0,1,BA,CSCER048,ABSR2401,Sim1,-99,W0512401,2024,JP_NRNP06A,43.991,144.118,30,2024001,2024108,2024115,2024174,2024214,2024214,2024,89,6454,2736,2736,0,3162,0.02,13681,22.5,0.424,1.5,-99,-99,-99,-99,-99,0,0,343,352,105,247,1,18,38,1,40,-99,78,0,15,51,74,62,0.069,-99,-99,-99,-99,-99,-99,-99,-99,0,12817,12817,0,0,110790,110788,669,0.0,26.4,25.3,61.6,-99,11.2,10.7,26.1,-99,161.4,83.2,68.4,35.3,99,21.1,10.3,17.6,16.2,419.6,244.3,255.1,-99,-99,1,2024-08-01
52,53,53,1,0,1,BA,CSCER048,ABSR2401,Sim1,-99,W0522401,2024,JP_NRNP06A,43.991,144.118,30,2024001,2024108,2024115,2024174,2024214,2024214,2024,89,6453,2736,2736,0,3162,0.02,13681,22.5,0.424,1.5,-99,-99,-99,-99,-99,0,0,307,348,104,244,0,18,6,1,40,-99,75,0,16,51,71,60,0.07,-99,-99,-99,-99,-99,-99,-99,-99,0,12817,12817,0,0,110799,110796,661,0.0,31.0,25.7,61.8,-99,13.1,10.9,26.2,-99,161.3,86.0,68.4,36.5,99,21.2,10.4,17.7,16.2,419.6,208.1,251.3,-99,-99,1,2024-08-01
53,54,54,1,0,1,BA,CSCER048,ABSR2401,Sim1,-99,W0532401,2024,JP_NRNP06A,43.991,144.118,30,2024001,2024108,2024115,2024174,2024214,2024214,2024,89,6454,2736,2736,0,3162,0.02,13681,22.5,0.424,1.5,-99,-99,-99,-99,-99,0,0,321,352,105,247,0,18,17,1,40,-99,76,0,15,51,72,61,0.07,-99,-99,-99,-99,-99,-99,-99,-99,0,12817,12817,0,0,110796,110793,663,0.0,29.0,25.4,61.6,-99,12.3,10.7,26.1,-99,161.3,84.5,68.4,35.8,99,21.0,10.3,17.8,16.2,419.6,222.3,254.6,-99,-99,1,2024-08-01
54,55,55,1,0,1,BA,CSCER048,ABSR2401,Sim1,-99,W0542401,2024,JP_NRNP06A,43.991,144.118,30,2024001,2024108,2024115,2024174,2024215,2024215,2024,89,6453,2736,2736,0,3162,0.02,13681,22.5,0.424,1.5,-99,-99,-99,-99,-99,0,0,309,349,104,244,0,18,8,1,40,-99,75,0,15,50,71,60,0.07,-99,-99,-99,-99,-99,-99,-99,-99,0,12818,12818,0,0,110802,110799,658,0.0,30.7,25.6,61.8,-99,13.0,10.9,26.2,-99,161.3,86.2,68.4,36.6,100,20.9,10.2,18.0,16.2,419.6,210.4,251.7,-99,-99,1,2024-08-02
55,56,56,1,0,1,BA,CSCER048,ABSR2401,Sim1,-99,W0552401,2024,JP_NRNP06A,43.991,144.118,30,2024001,2024108,2024115,2024174,2024214,2024214,2024,89,6453,2736,2736,0,3162,0.02,13681,22.5,0.424,1.5,-99,-99,-99,-99,-99,0,0,316,351,104,246,0,18,13,1,40,-99,77,0,15,51,73,62,0.07,-99,-99,-99,-99,-99,-99,-99,-99,0,12817,12816,0,0,110790,110787,669,0.0,29.7,25.4,61.8,-99,12.6,10.8,26.2,-99,161.3,83.5,68.4,35.4,99,21.1,10.4,17.5,16.2,419.6,217.5,253.9,-99,-99,1,2024-08-01
56,57,57,1,0,1,BA,CSCER048,ABSR2401,Sim1,-99,W0562401,2024,JP_NRNP06A,43.991,144.118,30,2024001,2024108,2024115,2024174,2024213,2024213,2024,89,6451,2736,2736,0,3162,0.02,13681,22.5,0.424,1.5,-99,-99,-99,-99,-99,0,0,307,347,104,243,0,18,8,1,40,-99,75,0,16,50,71,60,0.07,-99,-99,-99,-99,-99,-99,-99,-99,0,12818,12818,0,0,110802,110800,657,0.0,31.0,25.8,61.9,-99,13.1,10.9,26.2,-99,161.3,86.1,68.4,36.5,98,21.2,10.4,17.7,16.2,419.6,208.3,250.2,-99,-99,1,2024-07-31
57,58,58,1,0,1,BA,CSCER048,ABSR2401,Sim1,-99,W0572401,2024,JP_NRNP06A,43.991,144.118,30,2024001,2024108,2024115,2024174,2024214,2024214,2024,89,6455,2736,2736,0,3162,0.02,13681,22.5,0.424,1.5,-99,-99,-99,-99,-99,0,0,315,353,105,247,0,18,11,1,40,-99,78,0,14,51,74,63,0.07,-99,-99,-99,-99,-99,-99,-99,-99,0,12817,12816,0,0,110790,110787,669,0.0,29.8,25.3,61.4,-99,12.6,10.7,26.0,-99,161.4,82.7,68.4,35.1,99,21.0,10.2,17.8,16.2,419.6,216.7,255.6,-99,-99,1,2024-08-01
58,59,59,1,0,1,BA,CSCER048,ABSR2401,Sim1,-99,W0582401,2024,JP_NRNP06A,43.991,144.118,30,2024001,2024108,2024115,2024174,2024214,2024214,2024,89,6453,2736,2736,0,3162,0.02,13681,22.5,0.424,1.5,-99,-99,-99,-99,-99,0,0,355,351,104,247,3,18,49,1,40,-99,78,0,14,52,74,63,0.069,-99,-99,-99,-99,-99,-99,-99,-99,0,12816,12816,0,0,110786,110783,674,0.0,25.2,25.4,61.8,-99,10.7,10.8,26.2,-99,161.3,82.4,68.4,34.9,99,21.0,10.4,17.5,16.2,419.6,256.2,254.1,-99,-99,1,2024-08-01
59,60,60,1,0,1,BA,CSCER048,ABSR2401,Sim1,-99,W0592401,2024,JP_NRNP06A,43.991,144.118,30,2024001,2024108,2024115,2024174,2024214,2024214,2024,89,6453,2736,2736,0,3162,0.02,13681,22.5,0.424,1.5,-99,-99,-99,-99,-99,0,0,335,353,104,248,0,18,30,1,40,-99,79,0,14,52,75,64,0.07,-99,-99,-99,-99,-99,-99,-99,-99,0,12816,12816,0,0,110784,110782,675,0.0,27.3,25.2,61.8,-99,11.6,10.7,26.2,-99,161.3,81.9,68.4,34.7,99,21.1,10.4,17.5,16.2,419.6,236.5,255.8,-99,-99,1,2024-08-01
60,61,61,1,0,1,BA,CSCER048,ABSR2401,Sim1,-99,W0602401,2024,JP_NRNP06A,43.991,144.118,30,2024001,2024108,2024115,2024174,2024214,2024214,2024,89,6452,2736,2736,0,3162,0.02,13681,22.5,0.424,1.5,-99,-99,-99,-99,-99,0,0,327,352,104,247,0,18,24,1,40,-99,79,0,14,52,75,64,0.069,-99,-99,-99,-99,-99,-99,-99,-99,0,12816,12816,0,0,110781,110778,679,0.0,28.2,25.3,61.9,-99,12.0,10.7,26.2,-99,161.3,81.3,68.4,34.5,99,21.1,10.4,17.4,16.2,419.6,228.8,254.8,-99,-99,1,2024-08-01
61,62,62,1,0,1,BA,CSCER048,ABSR2401,Sim1,-99,W0612401,2024,JP_NRNP06A,43.991,144.118,30,2024001,2024108,2024115,2024174,2024213,2024213,2024,89,6450,2736,2736,0,3162,0.02,13681,22.5,0.424,1.5,-99,-99,-99,-99,-99,0,0,307,349,104,244,0,18,6,1,40,-99,75,0,15,51,71,60,0.07,-99,-99,-99,-99,-99,-99,-99,-99,0,12817,12817,0,0,110800,110798,659,0.0,31.0,25.6,61.9,-99,13.1,10.9,26.3,-99,161.3,85.5,68.4,36.3,98,21.2,10.4,17.6,16.2,419.6,208.1,251.6,-99,-99,1,2024-07-31
62,63,63,1,0,1,BA,CSCER048,ABSR2401,Sim1,-99,W0622401,2024,JP_NRNP06A,43.991,144.118,30,2024001,2024108,2024115,2024174,2024214,2024214,2024,89,6452,2736,2736,0,3162,0.02,13681,22.5,0.424,1.5,-99,-99,-99,-99,-99,0,0,359,353,104,248,2,18,53,1,40,-99,81,0,13,52,76,65,0.069,-99,-99,-99,-99,-99,-99,-99,-99,0,12816,12816,0,0,110784,110782,675,0.0,24.7,25.2,61.8,-99,10.5,10.7,26.2,-99,161.3,80.1,68.4,34.0,99,21.1,10.4,17.5,16.2,419.6,261.0,255.7,-99,-99,1,2024-08-01
63,64,64,1,0,1,BA,CSCER048,ABSR2401,Sim1,-99,W0632401,2024,JP_NRNP06A,43.991,144.118,30,2024001,2024108,2024115,2024174,2024215,2024215,2024,89,6454,2736,2736,0,3162,0.02,13681,22.5,0.424,1.5,-99,-99,-99,-99,-99,0,0,330,356,105,251,0,18,22,1,40,-99,79,0,14,52,75,64,0.07,-99,-99,-99,-99,-99,-99,-99,-99,0,12816,12816,0,0,110781,110778,678,0.0,27.9,24.9,61.4,-99,11.8,10.6,26.0,-99,161.4,81.2,68.4,34.4,100,21.0,10.3,17.6,16.2,419.6,231.4,259.2,-99,-99,1,2024-08-02
64,65,65,1,0,1,BA,CSCER048,ABSR2401,Sim1,-99,W0642401,2024,JP_NRNP06A,43.991,144.118,30,2024001,2024108,2024115,2024174,2024214,2024214,2024,89,6454,2736,2736,0,3162,0.02,13681,22.5,0.424,1.5,-99,-99,-99,-99,-99,0,0,305,349,104,244,0,18,4,1,40,-99,75,0,15,50,71,60,0.07,-99,-99,-99,-99,-99,-99,-99,-99,0,12818,12817,0,0,110801,110799,658,0.0,31.3,25.7,61.9,-99,13.3,10.9,26.3,-99,161.4,86.2,68.4,36.5,99,21.0,10.3,17.8,16.2,419.6,206.2,251.6,-99,-99,1,2024-08-01
65,66,66,1,0,1,BA,CSCER048,ABSR2401,Sim1,-99,W0652401,2024,JP_NRNP06A,43.991,144.118,30,2024001,2024108,2024115,2024174,2024214,2024214,2024,89,6456,2736,2736,0,3162,0.02,13681,22.5,0.424,1.5,-99,-99,-99,-99,-99,0,0,319,355,106,250,0,18,11,1,40,-99,78,0,14,52,74,63,0.07,-99,-99,-99,-99,-99,-99,-99,-99,0,12816,12816,0,0,110789,110786,671,0.0,29.3,25.0,61.2,-99,12.4,10.6,25.9,-99,161.4,83.0,68.4,35.2,99,21.1,10.3,17.9,16.2,419.6,220.3,258.5,-99,-99,1,2024-08-01
66,67,67,1,0,1,BA,CSCER048,ABSR2401,Sim1,-99,W0662401,2024,JP_NRNP06A,43.991,144.118,30,2024001,2024108,2024115,2024174,2024214,2024214,2024,89,6453,2736,2736,0,3162,0.02,13681,22.5,0.424,1.5,-99,-99,-99,-99,-99,0,0,316,349,104,245,0,18,15,1,40,-99,75,0,16,50,71,60,0.07,-99,-99,-99,-99,-99,-99,-99,-99,0,12818,12817,0,0,110801,110798,659,0.0,29.7,25.6,61.9,-99,12.6,10.8,26.3,-99,161.3,86.3,68.4,36.6,99,21.1,10.3,17.6,16.2,419.6,217.6,252.2,-99,-99,1,2024-08-01
67,68,68,1,0,1,BA,CSCER048,ABSR2401,Sim1,-99,W0672401,2024,JP_NRNP06A,43.991,144.118,30,2024001,2024108,2024115,2024174,2024214,2024214,2024,89,6454,2736,2736,0,3162,0.02,13681,22.5,0.424,1.5,-99,-99,-99,-99,-99,0,0,305,348,104,244,0,18,4,1,40,-99,75,0,15,50,71,60,0.07,-99,-99,-99,-99,-99,-99,-99,-99,0,12818,12817,0,0,110801,110798,659,0.0,31.3,25.7,61.9,-99,13.3,10.9,26.2,-99,161.4,86.1,68.4,36.5,99,21.1,10.3,17.8,16.2,419.6,206.3,251.5,-99,-99,1,2024-08-01
68,69,69,1,0,1,BA,CSCER048,ABSR2401,Sim1,-99,W0682401,2024,JP_NRNP06A,43.991,144.118,30,2024001,2024108,2024115,2024174,2024213,2024213,2024,89,6454,2736,2736,0,3162,0.02,13681,22.5,0.424,1.5,-99,-99,-99,-99,-99,0,0,316,353,105,248,0,18,11,1,40,-99,77,0,14,51,73,62,0.069,-99,-99,-99,-99,-99,-99,-99,-99,0,12817,12817,0,0,110794,110791,666,0.0,29.6,25.2,61.4,-99,12.6,10.7,26.0,-99,161.3,83.3,68.4,35.3,98,21.1,10.4,17.9,16.2,419.6,217.7,255.8,-99,-99,1,2024-07-31
69,70,70,1,0,1,BA,CSCER048,ABSR2401,Sim1,-99,W0692401,2024,JP_NRNP06A,43.991,144.118,30,2024001,2024108,2024115,2024174,2024214,2024214,2024,89,6454,2736,2736,0,3162,0.02,13681,22.5,0.424,1.5,-99,-99,-99,-99,-99,0,0,313,354,105,249,0,18,7,1,40,-99,77,0,14,51,73,62,0.07,-99,-99,-99,-99,-99,-99,-99,-99,0,12817,12817,0,0,110790,110788,669,0.0,30.0,25.1,61.4,-99,12.7,10.6,26.0,-99,161.3,83.3,68.4,35.3,99,21.1,10.4,17.8,16.2,419.6,214.8,257.2,-99,-99,1,2024-08-01
70,71,71,1,0,1,BA,CSCER048,ABSR2401,Sim1,-99,W0702401,2024,JP_NRNP06A,43.991,144.118,30,2024001,2024108,2024115,2024174,2024213,2024213,2024,89,6452,2736,2736,0,3162,0.02,13681,22.5,0.424,1.5,-99,-99,-99,-99,-99,0,0,330,352,104,247,0,18,26,1,40,-99,78,0,14,51,74,63,0.069,-99,-99,-99,-99,-99,-99,-99,-99,0,12817,12817,0,0,110793,110791,666,0.0,27.9,25.3,61.8,-99,11.8,10.7,26.2,-99,161.3,82.9,68.4,35.2,98,21.1,10.4,17.7,16.2,419.6,231.3,254.6,-99,-99,1,2024-07-31
71,72,72,1,0,1,BA,CSCER048,ABSR2401,Sim1,-99,W0712401,2024,JP_NRNP06A,43.991,144.118,30,2024001,2024108,2024115,2024174,2024214,2024214,2024,89,6454,2736,2736,0,3162,0.02,13681,22.5,0.424,1.5,-99,-99,-99,-99,-99,0,0,327,351,105,246,0,18,24,1,40,-99,76,0,16,51,72,61,0.07,-99,-99,-99,-99,-99,-99,-99,-99,0,12817,12817,0,0,110798,110795,661,0.0,28.2,25.4,61.7,-99,12.0,10.8,26.1,-99,161.4,85.0,68.4,36.0,99,21.0,10.3,17.9,16.2,419.6,228.6,253.8,-99,-99,1,2024-08-01
72,73,73,1,0,1,BA,CSCER048,ABSR2401,Sim1,-99,W0722401,2024,JP_NRNP06A,43.991,144.118,30,2024001,2024108,2024115,2024174,2024214,2024214,2024,89,6454,2736,2736,0,3162,0.02,13681,22.5,0.424,1.5,-99,-99,-99,-99,-99,0,0,306,348,105,244,0,18,6,1,40,-99,75,0,15,51,71,60,0.07,-99,-99,-99,-99,-99,-99,-99,-99,0,12817,12817,0,0,110800,110797,660,0.0,31.0,25.7,61.7,-99,13.2,10.9,26.2,-99,161.4,86.0,68.4,36.5,99,21.0,10.3,17.8,16.2,419.6,207.9,251.5,-99,-99,1,2024-08-01
73,74,74,1,0,1,BA,CSCER048,ABSR2401,Sim1,-99,W0732401,2024,JP_NRNP06A,43.991,144.118,30,2024001,2024108,2024115,2024174,2024213,2024213,2024,89,6451,2736,2736,0,3162,0.02,13681,22.5,0.424,1.5,-99,-99,-99,-99,-99,0,0,305,347,104,243,0,18,7,1,40,-99,74,0,16,50,70,59,0.07,-99,-99,-99,-99,-99,-99,-99,-99,0,12818,12818,0,0,110805,110802,654,0.0,31.2,25.8,62.0,-99,13.2,11.0,26.3,-99,161.3,86.6,68.4,36.7,98,21.2,10.4,17.7,16.2,419.6,207.0,249.7,-99,-99,1,2024-07-31
74,75,75,1,0,1,BA,CSCER048,ABSR2401,Sim1,-99,W0742401,2024,JP_NRNP06A,43.991,144.118,30,2024001,2024108,2024115,2024174,2024214,2024214,2024,89,6453,2736,2736,0,3162,0.02,13681,22.5,0.424,1.5,-99,-99,-99,-99,-99,0,0,343,353,105,248,0,18,38,1,40,-99,79,0,14,52,75,64,0.069,-99,-99,-99,-99,-99,-99,-99,-99,0,12816,12816,0,0,110787,110784,673,0.0,26.4,25.2,61.6,-99,11.2,10.7,26.1,-99,161.3,82.0,68.4,34.8,99,21.1,10.4,17.6,16.2,419.6,244.3,255.6,-99,-99,1,2024-08-01
75,76,76,1,0,1,BA,CSCER048,ABSR2401,Sim1,-99,W0752401,2024,JP_NRNP06A,43.991,144.118,30,2024001,2024108,2024115,2024174,2024214,2024214,2024,89,6453,2736,2736,0,3162,0.02,13681,22.5,0.424,1.5,-99,-99,-99,-99,-99,0,0,324,356,105,251,0,18,16,1,40,-99,79,0,14,52,75,64,0.069,-99,-99,-99,-99,-99,-99,-99,-99,0,12816,12816,0,0,110785,110782,674,0.0,28.6,24.9,61.4,-99,12.1,10.5,26.0,-99,161.3,81.8,68.4,34.7,99,21.0,10.2,17.8,16.2,419.6,225.8,259.5,-99,-99,1,2024-08-01
76,77,77,1,0,1,BA,CSCER048,ABSR2401,Sim1,-99,W0762401,2024,JP_NRNP06A,43.991,144.118,30,2024001,2024108,2024115,2024174,2024213,2024213,2024,89,6452,2736,2736,0,3162,0.02,13681,22.5,0.424,1.5,-99,-99,-99,-99,-99,0,0,320,353,105,248,0,18,15,1,40,-99,78,0,15,51,74,63,0.069,-99,-99,-99,-99,-99,-99,-99,-99,0,12817,12817,0,0,110792,110790,667,0.0,29.1,25.2,61.7,-99,12.4,10.7,26.2,-99,161.3,82.9,68.4,35.2,98,21.1,10.4,17.7,16.2,419.6,221.4,256.1,-99,-99,1,2024-07-31
77,78,78,1,0,1,BA,CSCER048,ABSR2401,Sim1,-99,W0772401,2024,JP_NRNP06A,43.991,144.118,30,2024001,2024108,2024115,2024174,2024213,2024213,2024,89,6452,2736,2736,0,3162,0.02,13681,22.5,0.424,1.5,-99,-99,-99,-99,-99,0,0,313,352,105,247,0,18,9,1,40,-99,77,0,14,51,73,62,0.069,-99,-99,-99,-99,-99,-99,-99,-99,0,12817,12817,0,0,110794,110791,665,0.0,30.0,25.3,61.4,-99,12.7,10.7,26.1,-99,161.3,83.6,68.4,35.5,98,21.2,10.4,17.8,16.2,419.6,215.0,255.4,-99,-99,1,2024-07-31
78,79,79,1,0,1,BA,CSCER048,ABSR2401,Sim1,-99,W0782401,2024,JP_NRNP06A,43.991,144.118,30,2024001,2024108,2024115,2024174,2024214,2024214,2024,89,6454,2736,2736,0,3162,0.02,13681,22.5,0.424,1.5,-99,-99,-99,-99,-99,0,0,305,348,104,243,0,18,5,1,40,-99,75,0,16,50,71,60,0.07,-99,-99,-99,-99,-99,-99,-99,-99,0,12818,12818,0,0,110803,110800,657,0.0,31.3,25.7,61.9,-99,13.3,10.9,26.3,-99,161.3,86.4,68.4,36.6,99,21.0,10.2,17.8,16.2,419.6,206.5,250.7,-99,-99,1,2024-08-01
79,80,80,1,0,1,BA,CSCER048,ABSR2401,Sim1,-99,W0792401,2024,JP_NRNP06A,43.991,144.118,30,2024001,2024108,2024115,2024174,2024213,2024213,2024,89,6450,2736,2736,0,3162,0.02,13681,22.5,0.424,1.5,-99,-99,-99,-99,-99,0,0,307,349,104,244,0,18,6,1,40,-99,75,0,15,51,71,60,0.07,-99,-99,-99,-99,-99,-99,-99,-99,0,12817,12817,0,0,110800,110798,659,0.0,31.0,25.6,61.9,-99,13.1,10.9,26.3,-99,161.3,85.5,68.4,36.3,98,21.2,10.4,17.6,16.2,419.6,208.1,251.6,-99,-99,1,2024-07-31
80,81,81,1,0,1,BA,CSCER048,ABSR2401,Sim1,-99,W0802401,2024,JP_NRNP06A,43.991,144.118,30,2024001,2024108,2024115,2024174,2024214,2024214,2024,89,6454,2736,2736,0,3162,0.02,13681,22.5,0.424,1.5,-99,-99,-99,-99,-99,0,0,309,350,105,245,0,18,8,1,40,-99,75,0,15,51,71,60,0.07,-99,-99,-99,-99,-99,-99,-99,-99,0,12817,12817,0,0,110798,110796,661,0.0,30.6,25.6,61.7,-99,13.0,10.8,26.1,-99,161.4,85.5,68.4,36.3,99,21.0,10.3,17.6,16.2,419.6,210.6,252.6,-99,-99,1,2024-08-01
81,82,82,1,0,1,BA,CSCER048,ABSR2401,Sim1,-99,W0812401,2024,JP_NRNP06A,43.991,144.118,30,2024001,2024108,2024115,2024174,2024214,2024214,2024,89,6453,2736,2736,0,3162,0.02,13681,22.5,0.424,1.5,-99,-99,-99,-99,-99,0,0,346,353,104,248,0,18,41,1,40,-99,79,0,14,52,75,64,0.069,-99,-99,-99,-99,-99,-99,-99,-99,0,12816,12816,0,0,110784,110782,675,0.0,26.1,25.2,61.8,-99,11.1,10.7,26.2,-99,161.3,81.6,68.4,34.6,99,21.1,10.4,17.5,16.2,419.6,247.4,255.7,-99,-99,1,2024-08-01
82,83,83,1,0,1,BA,CSCER048,ABSR2401,Sim1,-99,W0822401,2024,JP_NRNP06A,43.991,144.118,30,2024001,2024108,2024115,2024174,2024214,2024214,2024,89,6454,2736,2736,0,3162,0.02,13681,22.5,0.424,1.5,-99,-99,-99,-99,-99,0,0,304,347,104,243,0,18,4,1,40,-99,75,0,16,50,71,60,0.07,-99,-99,-99,-99,-99,-99,-99,-99,0,12818,12817,0,0,110801,110799,658,0.0,31.4,25.8,61.9,-99,13.3,10.9,26.2,-99,161.4,86.4,68.4,36.6,99,21.2,10.3,18.0,16.2,419.6,205.3,250.5,-99,-99,1,2024-08-01
83,84,84,1,0,1,BA,CSCER048,ABSR2401,Sim1,-99,W0832401,2024,JP_NRNP06A,43.991,144.118,30,2024001,2024108,2024115,2024174,2024214,2024214,2024,89,6453,2737,2737,0,3163,0.02,13681,22.5,0.424,1.5,-99,-99,-99,-99,-99,0,0,330,352,105,247,0,18,26,1,40,-99,78,0,15,51,73,62,0.07,-99,-99,-99,-99,-99,-99,-99,-99,0,12817,12817,0,0,110792,110790,667,0.0,27.9,25.3,61.6,-99,11.8,10.7,26.1,-99,161.3,83.2,68.4,35.3,99,21.0,10.2,17.6,16.2,419.6,231.2,255.0,-99,-99,1,2024-08-01
84,85,85,1,0,1,BA,CSCER048,ABSR2401,Sim1,-99,W0842401,2024,JP_NRNP06A,43.991,144.118,30,2024001,2024108,2024115,2024174,2024214,2024214,2024,89,6455,2736,2736,0,3162,0.02,13681,22.5,0.424,1.5,-99,-99,-99,-99,-99,0,0,306,348,104,244,0,18,6,1,40,-99,75,0,16,50,71,60,0.07,-99,-99,-99,-99,-99,-99,-99,-99,0,12818,12817,0,0,110802,110799,658,0.0,31.1,25.7,61.9,-99,13.2,10.9,26.2,-99,161.4,86.4,68.4,36.6,99,21.1,10.3,17.8,16.2,419.6,207.3,250.8,-99,-99,1,2024-08-01
85,86,86,1,0,1,BA,CSCER048,ABSR2401,Sim1,-99,W0852401,2024,JP_NRNP06A,43.991,144.118,30,2024001,2024108,2024115,2024174,2024214,2024214,2024,89,6455,2736,2736,0,3162,0.02,13681,22.5,0.424,1.5,-99,-99,-99,-99,-99,0,0,366,352,105,247,7,18,56,1,40,-99,78,0,15,51,74,63,0.069,-99,-99,-99,-99,-99,-99,-99,-99,0,12817,12817,0,0,110792,110789,668,0.0,24.1,25.3,61.6,-99,10.2,10.7,26.1,-99,161.4,83.1,68.4,35.2,99,21.0,10.3,17.7,16.2,419.6,267.7,254.8,-99,-99,1,2024-08-01
86,87,87,1,0,1,BA,CSCER048,ABSR2401,Sim1,-99,W0862401,2024,JP_NRNP06A,43.991,144.118,30,2024001,2024108,2024115,2024174,2024213,2024213,2024,89,6452,2737,2737,0,3163,0.02,13681,22.5,0.424,1.5,-99,-99,-99,-99,-99,0,0,320,352,104,247,0,18,16,1,40,-99,78,0,14,51,74,63,0.069,-99,-99,-99,-99,-99,-99,-99,-99,0,12817,12817,0,0,110791,110789,668,0.0,29.2,25.3,61.8,-99,12.4,10.8,26.2,-99,161.3,82.6,68.4,35.0,98,21.1,10.3,17.6,16.2,419.6,221.2,254.6,-99,-99,1,2024-07-31
87,88,88,1,0,1,BA,CSCER048,ABSR2401,Sim1,-99,W0872401,2024,JP_NRNP06A,43.991,144.118,30,2024001,2024108,2024115,2024174,2024214,2024214,2024,89,6453,2736,2736,0,3162,0.02,13681,22.5,0.424,1.5,-99,-99,-99,-99,-99,0,0,328,352,105,247,0,18,24,1,40,-99,77,0,16,51,73,62,0.07,-99,-99,-99,-99,-99,-99,-99,-99,0,12817,12817,0,0,110794,110791,666,0.0,28.2,25.3,61.6,-99,11.9,10.7,26.1,-99,161.3,84.0,68.4,35.6,99,21.1,10.4,17.8,16.2,419.6,229.2,255.0,-99,-99,1,2024-08-01
88,89,89,1,0,1,BA,CSCER048,ABSR2401,Sim1,-99,W0882401,2024,JP_NRNP06A,43.991,144.118,30,2024001,2024108,2024115,2024174,2024214,2024214,2024,89,6453,2736,2736,0,3162,0.02,13681,22.5,0.424,1.5,-99,-99,-99,-99,-99,0,0,351,356,105,251,2,18,42,1,40,-99,79,0,14,52,75,64,0.069,-99,-99,-99,-99,-99,-99,-99,-99,0,12816,12816,0,0,110780,110778,679,0.0,25.5,25.0,61.5,-99,10.8,10.6,26.1,-99,161.3,81.3,68.4,34.5,99,21.1,10.4,17.7,16.2,419.6,253.0,258.6,-99,-99,1,2024-08-01
89,90,90,1,0,1,BA,CSCER048,ABSR2401,Sim1,-99,W0892401,2024,JP_NRNP06A,43.991,144.118,30,2024001,2024108,2024115,2024174,2024213,2024213,2024,89,6453,2736,2736,0,3162,0.02,13681,22.5,0.424,1.5,-99,-99,-99,-99,-99,0,0,306,348,104,244,0,18,6,1,40,-99,75,0,15,50,71,60,0.07,-99,-99,-99,-99,-99,-99,-99,-99,0,12818,12818,0,0,110804,110801,656,0.0,31.1,25.7,61.9,-99,13.2,10.9,26.2,-99,161.3,86.0,68.4,36.5,98,21.1,10.4,17.8,16.2,419.6,207.4,251.2,-99,-99,1,2024-07-31
90,91,91,1,0,1,BA,CSCER048,ABSR2401,Sim1,-99,W0902401,2024,JP_NRNP06A,43.991,144.118,30,2024001,2024108,2024115,2024174,2024214,2024214,2024,89,6454,2736,2736,0,3162,0.02,13681,22.5,0.424,1.5,-99,-99,-99,-99,-99,0,0,336,351,105,247,0,18,33,1,40,-99,78,0,15,51,74,62,0.069,-99,-99,-99,-99,-99,-99,-99,-99,0,12817,12817,0,0,110792,110790,667,0.0,27.1,25.4,61.7,-99,11.5,10.8,26.2,-99,161.4,83.2,68.4,35.3,99,21.0,10.3,17.7,16.2,419.6,237.9,254.4,-99,-99,1,2024-08-01
91,92,92,1,0,1,BA,CSCER048,ABSR2401,Sim1,-99,W0912401,2024,JP_NRNP06A,43.991,144.118,30,2024001,2024108,2024115,2024174,2024214,2024214,2024,89,6454,2736,2736,0,3162,0.02,13681,22.5,0.424,1.5,-99,-99,-99,-99,-99,0,0,311,351,105,246,0,18,8,1,40,-99,76,0,15,51,72,61,0.07,-99,-99,-99,-99,-99,-99,-99,-99,0,12817,12817,0,0,110794,110792,665,0.0,30.3,25.4,61.4,-99,12.9,10.8,26.0,-99,161.3,84.5,68.4,35.8,99,21.1,10.4,17.8,16.2,419.6,212.7,254.3,-99,-99,1,2024-08-01
92,93,93,1,0,1,BA,CSCER048,ABSR2401,Sim1,-99,W0922401,2024,JP_NRNP06A,43.991,144.118,30,2024001,2024108,2024115,2024174,2024214,2024214,2024,89,6454,2736,2736,0,3162,0.02,13681,22.5,0.424,1.5,-99,-99,-99,-99,-99,0,0,321,354,105,249,0,18,15,1,40,-99,77,0,15,51,73,62,0.07,-99,-99,-99,-99,-99,-99,-99,-99,0,12817,12817,0,0,110794,110791,665,0.0,29.0,25.1,61.5,-99,12.3,10.6,26.1,-99,161.4,83.7,68.4,35.5,99,21.0,10.3,17.9,16.2,419.6,222.2,257.2,-99,-99,1,2024-08-01
93,94,94,1,0,1,BA,CSCER048,ABSR2401,Sim1,-99,W0932401,2024,JP_NRNP06A,43.991,144.118,30,2024001,2024108,2024115,2024174,2024214,2024214,2024,89,6454,2736,2736,0,3162,0.02,13681,22.5,0.424,1.5,-99,-99,-99,-99,-99,0,0,331,355,105,250,1,18,24,1,40,-99,80,0,13,52,75,64,0.069,-99,-99,-99,-99,-99,-99,-99,-99,0,12816,12816,0,0,110783,110781,676,0.0,27.7,25.0,61.5,-99,11.8,10.6,26.1,-99,161.4,81.1,68.4,34.4,99,21.0,10.3,17.7,16.2,419.6,232.7,258.2,-99,-99,1,2024-08-01
94,95,95,1,0,1,BA,CSCER048,ABSR2401,Sim1,-99,W0942401,2024,JP_NRNP06A,43.991,144.118,30,2024001,2024108,2024115,2024174,2024214,2024214,2024,89,6453,2736,2736,0,3162,0.02,13681,22.5,0.424,1.5,-99,-99,-99,-99,-99,0,0,324,358,105,253,0,18,14,1,40,-99,79,0,14,52,75,64,0.069,-99,-99,-99,-99,-99,-99,-99,-99,0,12816,12816,0,0,110780,110778,679,0.0,28.6,24.7,61.3,-99,12.1,10.5,26.0,-99,161.3,81.4,68.4,34.5,99,21.2,10.4,17.8,16.2,419.6,225.8,260.9,-99,-99,1,2024-08-01
95,96,96,1,0,1,BA,CSCER048,ABSR2401,Sim1,-99,W0952401,2024,JP_NRNP06A,43.991,144.118,30,2024001,2024108,2024115,2024174,2024214,2024214,2024,89,6453,2736,2736,0,3162,0.02,13681,22.5,0.424,1.5,-99,-99,-99,-99,-99,0,0,360,352,105,248,5,18,51,1,40,-99,78,0,15,51,74,62,0.069,-99,-99,-99,-99,-99,-99,-99,-99,0,12817,12816,0,0,110790,110788,669,0.0,24.6,25.3,61.6,-99,10.4,10.7,26.1,-99,161.3,83.2,68.4,35.3,99,21.2,10.4,17.7,16.2,419.6,261.9,255.3,-99,-99,1,2024-08-01
96,97,97,1,0,1,BA,CSCER048,ABSR2401,Sim1,-99,W0962401,2024,JP_NRNP06A,43.991,144.118,30,2024001,2024108,2024115,2024174,2024215,2024215,2024,89,6458,2736,2736,0,3162,0.02,13681,22.5,0.424,1.5,-99,-99,-99,-99,-99,0,0,331,355,106,249,2,18,22,1,40,-99,80,0,12,52,76,65,0.07,-99,-99,-99,-99,-99,-99,-99,-99,0,12816,12816,0,0,110781,110779,678,0.0,27.8,25.0,61.1,-99,11.8,10.6,25.9,-99,161.4,80.3,68.4,34.0,100,20.9,10.2,17.9,16.2,419.6,232.2,257.9,-99,-99,1,2024-08-02
97,98,98,1,0,1,BA,CSCER048,ABSR2401,Sim1,-99,W0972401,2024,JP_NRNP06A,43.991,144.118,30,2024001,2024108,2024115,2024174,2024214,2024214,2024,89,6454,2736,2736,0,3162,0.02,13681,22.5,0.424,1.5,-99,-99,-99,-99,-99,0,0,311,351,105,247,0,18,8,1,40,-99,76,0,15,51,72,61,0.07,-99,-99,-99,-99,-99,-99,-99,-99,0,12817,12817,0,0,110796,110793,664,0.0,30.3,25.4,61.6,-99,12.9,10.8,26.1,-99,161.4,84.7,68.4,35.9,99,21.1,10.3,17.8,16.2,419.6,212.7,254.5,-99,-99,1,2024-08-01
98,99,99,1,0,1,BA,CSCER048,ABSR2401,Sim1,-99,W0982401,2024,JP_NRNP06A,43.991,144.118,30,2024001,2024108,2024115,2024174,2024214,2024214,2024,89,6454,2736,2736,0,3162,0.02,13681,22.5,0.424,1.5,-99,-99,-99,-99,-99,0,0,307,349,105,244,0,18,6,1,40,-99,75,0,15,51,71,60,0.07,-99,-99,-99,-99,-99,-99,-99,-99,0,12817,12817,0,0,110799,110796,661,0.0,31.0,25.7,61.8,-99,13.1,10.9,26.2,-99,161.3,85.8,68.4,36.4,99,21.1,10.3,17.7,16.2,419.6,208.3,251.5,-99,-99,1,2024-08-01
99,100,1,1,0,1,BA,CSCER048,ABSR2402,Sim1,-99,W0992401,2024,JP_NRNP06A,43.991,144.118,30,2024001,2024108,2024115,2024174,2024214,2024214,2024,89,6459,2736,2736,0,3162,0.02,13681,22.5,0.424,1.5,-99,-99,-99,-99,-99,0,0,327,355,105,250,0,18,20,1,40,-99,79,0,14,52,75,64,0.069,-99,-99,-99,-99,-99,-99,-99,-99,0,12816,12816,0,0,110782,110780,677,0.0,28.2,25.0,61.6,-99,12.0,10.6,26.1,-99,161.5,81.4,68.4,34.5,99,21.2,10.3,17.7,16.2,419.6,228.8,258.0,-99,-99,1,2024-08-01
100,101,2,1,0,1,BA,CSCER048,ABSR2402,Sim1,-99,W1002401,2024,JP_NRNP06A,43.991,144.118,30,2024001,2024108,2024115,2024174,2024215,2024215,2024,89,6454,2736,2736,0,3162,0.02,13681,22.5,0.424,1.5,-99,-99,-99,-99,-99,0,0,304,348,104,244,0,18,3,1,40,-99,75,0,15,50,71,60,0.07,-99,-99,-99,-99,-99,-99,-99,-99,0,12818,12817,0,0,110802,110799,658,0.0,31.4,25.7,61.8,-99,13.3,10.9,26.2,-99,161.3,86.2,68.4,36.6,100,21.0,10.2,17.6,16.2,419.6,205.3,251.5,-99,-99,1,2024-08-02
101,102,3,1,0,1,BA,CSCER048,ABSR2402,Sim1,-99,W1012401,2024,JP_NRNP06A,43.991,144.118,30,2024001,2024108,2024115,2024174,2024214,2024214,2024,89,6453,2736,2736,0,3162,0.02,13681,22.5,0.424,1.5,-99,-99,-99,-99,-99,0,0,319,355,105,250,0,18,12,1,40,-99,78,0,15,52,74,63,0.07,-99,-99,-99,-99,-99,-99,-99,-99,0,12816,12816,0,0,110788,110785,671,0.0,29.3,25.0,61.5,-99,12.4,10.6,26.1,-99,161.3,82.4,68.4,34.9,99,21.1,10.4,17.7,16.2,419.6,220.4,258.1,-99,-99,1,2024-08-01
102,103,4,1,0,1,BA,CSCER048,ABSR2402,Sim1,-99,W1022401,2024,JP_NRNP06A,43.991,144.118,30,2024001,2024108,2024115,2024174,2024213,2024213,2024,89,6453,2736,2736,0,3162,0.02,13681,22.5,0.424,1.5,-99,-99,-99,-99,-99,0,0,317,349,104,244,0,18,16,1,40,-99,75,0,16,50,71,60,0.07,-99,-99,-99,-99,-99,-99,-99,-99,0,12818,12818,0,0,110803,110800,656,0.0,29.6,25.6,61.8,-99,12.5,10.9,26.2,-99,161.3,85.5,68.4,36.3,98,21.1,10.3,17.9,16.2,419.6,218.3,251.8,-99,-99,1,2024-07-31
103,104,5,1,0,1,BA,CSCER048,ABSR2402,Sim1,-99,W1032401,2024,JP_NRNP06A,43.991,144.118,30,2024001,2024108,2024115,2024174,2024213,2024213,2024,89,6452,2736,2736,0,3162,0.02,13681,22.5,0.424,1.5,-99,-99,-99,-99,-99,0,0,313,349,104,245,0,18,12,1,40,-99,75,0,16,50,71,60,0.07,-99,-99,-99,-99,-99,-99,-99,-99,0,12818,12818,0,0,110803,110800,656,0.0,30.0,25.6,61.8,-99,12.7,10.8,26.2,-99,161.3,85.9,68.4,36.4,98,21.1,10.3,17.8,16.2,419.6,214.9,252.2,-99,-99,1,2024-07-31
104,105,6,1,0,1,BA,CSCER048,ABSR2402,Sim1,-99,W1042401,2024,JP_NRNP06A,43.991,144.118,30,2024001,2024108,2024115,2024174,2024214,2024214,2024,89,6454,2736,2736,0,3162,0.02,13681,22.5,0.424,1.5,-99,-99,-99,-99,-99,0,0,304,347,104,243,0,18,4,1,40,-99,75,0,16,50,71,60,0.07,-99,-99,-99,-99,-99,-99,-99,-99,0,12818,12817,0,0,110801,110799,658,0.0,31.4,25.8,61.9,-99,13.3,10.9,26.2,-99,161.3,86.4,68.4,36.6,99,21.2,10.3,18.0,16.2,419.6,205.3,250.5,-99,-99,1,2024-08-01
105,106,7,1,0,1,BA,CSCER048,ABSR2402,Sim1,-99,W1052401,2024,JP_NRNP06A,43.991,144.118,30,2024001,2024108,2024115,2024174,2024215,2024215,2024,89,6454,2736,2736,0,3162,0.02,13681,22.5,0.424,1.5,-99,-99,-99,-99,-99,0,0,317,355,105,249,0,18,10,1,40,-99,77,0,15,51,73,62,0.07,-99,-99,-99,-99,-99,-99,-99,-99,0,12817,12817,0,0,110793,110790,667,0.0,29.6,25.1,61.4,-99,12.5,10.6,26.0,-99,161.4,83.7,68.4,35.5,100,20.9,10.2,17.8,16.2,419.6,218.3,257.6,-99,-99,1,2024-08-02
106,107,8,1,0,1,BA,CSCER048,ABSR2402,Sim1,-99,W1062401,2024,JP_NRNP06A,43.991,144.118,30,2024001,2024108,2024115,2024174,2024214,2024214,2024,89,6454,2736,2736,0,3162,0.02,13681,22.5,0.424,1.5,-99,-99,-99,-99,-99,0,0,355,355,105,250,4,18,45,1,40,-99,81,0,13,52,77,66,0.069,-99,-99,-99,-99,-99,-99,-99,-99,0,12816,12816,0,0,110783,110780,677,0.0,25.1,25.1,61.6,-99,10.7,10.6,26.1,-99,161.3,79.2,68.4,33.6,99,21.1,10.4,17.6,16.2,419.6,256.7,257.6,-99,-99,1,2024-08-01
107,108,9,1,0,1,BA,CSCER048,ABSR2402,Sim1,-99,W1072401,2024,JP_NRNP06A,43.991,144.118,30,2024001,2024108,2024115,2024174,2024214,2024214,2024,89,6455,2736,2736,0,3162,0.02,13681,22.5,0.424,1.5,-99,-99,-99,-99,-99,0,0,315,352,105,247,0,18,10,1,40,-99,77,0,15,51,73,62,0.07,-99,-99,-99,-99,-99,-99,-99,-99,0,12817,12817,0,0,110791,110789,668,0.0,29.9,25.3,61.4,-99,12.7,10.7,26.0,-99,161.4,83.4,68.4,35.3,99,21.1,10.3,17.7,16.2,419.6,216.1,255.2,-99,-99,1,2024-08-01
108,109,10,1,0,1,BA,CSCER048,ABSR2402,Sim1,-99,W1082401,2024,JP_NRNP06A,43.991,144.118,30,2024001,2024108,2024115,2024174,2024214,2024214,2024,89,6454,2736,2736,0,3162,0.02,13681,22.5,0.424,1.5,-99,-99,-99,-99,-99,0,0,306,348,104,244,0,18,6,1,40,-99,75,0,16,50,71,60,0.07,-99,-99,-99,-99,-99,-99,-99,-99,0,12818,12817,0,0,110801,110798,658,0.0,31.1,25.7,61.9,-99,13.2,10.9,26.3,-99,161.3,86.3,68.4,36.6,99,21.0,10.3,17.9,16.2,419.6,207.3,250.9,-99,-99,1,2024-08-01
109,110,11,1,0,1,BA,CSCER048,ABSR2402,Sim1,-99,W1092401,2024,JP_NRNP06A,43.991,144.118,30,2024001,2024108,2024115,2024174,2024214,2024214,2024,89,6453,2736,2736,0,3162,0.02,13681,22.5,0.424,1.5,-99,-99,-99,-99,-99,0,0,342,352,105,248,2,18,36,1,40,-99,79,0,14,52,75,64,0.069,-99,-99,-99,-99,-99,-99,-99,-99,0,12816,12816,0,0,110785,110782,674,0.0,26.5,25.3,61.7,-99,11.2,10.7,26.2,-99,161.3,81.5,68.4,34.5,99,21.2,10.4,17.5,16.2,419.6,243.5,255.4,-99,-99,1,2024-08-01
110,111,12,1,0,1,BA,CSCER048,ABSR2402,Sim1,-99,W1102401,2024,JP_NRNP06A,43.991,144.118,30,2024001,2024108,2024115,2024174,2024214,2024214,2024,89,6454,2736,2736,0,3162,0.02,13681,22.5,0.424,1.5,-99,-99,-99,-99,-99,0,0,331,352,105,247,0,18,26,1,40,-99,78,0,14,52,74,63,0.07,-99,-99,-99,-99,-99,-99,-99,-99,0,12816,12816,0,0,110787,110785,672,0.0,27.8,25.3,61.4,-99,11.8,10.7,26.0,-99,161.3,82.9,68.4,35.1,99,21.1,10.4,17.7,16.2,419.6,232.1,255.4,-99,-99,1,2024-08-01
111,112,13,1,0,1,BA,CSCER048,ABSR2402,Sim1,-99,W1112401,2024,JP_NRNP06A,43.991,144.118,30,2024001,2024108,2024115,2024174,2024213,2024213,2024,89,6450,2736,2736,0,3162,0.02,13681,22.5,0.424,1.5,-99,-99,-99,-99,-99,0,0,316,351,104,246,0,18,14,1,40,-99,78,0,14,51,74,63,0.069,-99,-99,-99,-99,-99,-99,-99,-99,0,12817,12816,0,0,110789,110787,670,0.0,29.6,25.4,61.9,-99,12.6,10.8,26.3,-99,161.3,82.5,68.4,35.0,98,21.2,10.4,17.6,16.2,419.6,217.7,253.6,-99,-99,1,2024-07-31
112,113,14,1,0,1,BA,CSCER048,ABSR2402,Sim1,-99,W1122401,2024,JP_NRNP06A,43.991,144.118,30,2024001,2024108,2024115,2024174,2024214,2024214,2024,89,6453,2736,2736,0,3162,0.02,13681,22.5,0.424,1.5,-99,-99,-99,-99,-99,0,0,307,350,104,245,0,18,6,1,40,-99,76,0,15,51,72,61,0.07,-99,-99,-99,-99,-99,-99,-99,-99,0,12817,12817,0,0,110796,110793,664,0.0,30.9,25.5,61.8,-99,13.1,10.8,26.2,-99,161.3,85.0,68.4,36.1,99,21.1,10.3,17.6,16.2,419.6,209.0,252.6,-99,-99,1,2024-08-01
113,114,15,1,0,1,BA,CSCER048,ABSR2402,Sim1,-99,W1132401,2024,JP_NRNP06A,43.991,144.118,30,2024001,2024108,2024115,2024174,2024214,2024214,2024,89,6453,2736,2736,0,3162,0.02,13681,22.5,0.424,1.5,-99,-99,-99,-99,-99,0,0,322,355,105,250,0,18,15,1,40,-99,79,0,14,52,75,64,0.069,-99,-99,-99,-99,-99,-99,-99,-99,0,12816,12816,0,0,110783,110781,676,0.0,28.9,25.0,61.5,-99,12.3,10.6,26.1,-99,161.3,81.9,68.4,34.7,99,21.1,10.4,17.7,16.2,419.6,223.2,257.7,-99,-99,1,2024-08-01
114,115,16,1,0,1,BA,CSCER048,ABSR2402,Sim1,-99,W1142401,2024,JP_NRNP06A,43.991,144.118,30,2024001,2024108,2024115,2024174,2024214,2024214,2024,89,6454,2736,2736,0,3162,0.02,13681,22.5,0.424,1.5,-99,-99,-99,-99,-99,0,0,318,353,105,248,0,18,13,1,40,-99,76,0,15,51,72,61,0.07,-99,-99,-99,-99,-99,-99,-99,-99,0,12817,12817,0,0,110797,110794,662,0.0,29.5,25.2,61.6,-99,12.5,10.7,26.1,-99,161.4,84.7,68.4,35.9,99,20.9,10.3,17.7,16.2,419.6,219.1,255.8,-99,-99,1,2024-08-01
115,116,17,1,0,1,BA,CSCER048,ABSR2402,Sim1,-99,W1152401,2024,JP_NRNP06A,43.991,144.118,30,2024001,2024108,2024115,2024174,2024214,2024214,2024,89,6453,2736,2736,0,3162,0.02,13681,22.5,0.424,1.5,-99,-99,-99,-99,-99,0,0,307,349,104,245,0,18,6,1,40,-99,76,0,15,51,72,60,0.07,-99,-99,-99,-99,-99,-99,-99,-99,0,12817,12817,0,0,110797,110795,662,0.0,30.9,25.6,61.9,-99,13.1,10.8,26.2,-99,161.3,85.4,68.4,36.2,99,21.1,10.3,17.6,16.2,419.6,208.9,252.5,-99,-99,1,2024-08-01
116,117,18,1,0,1,BA,CSCER048,ABSR2402,Sim1,-99,W1162401,2024,JP_NRNP06A,43.991,144.118,30,2024001,2024108,2024115,2024174,2024213,2024213,2024,89,6453,2736,2736,0,3162,0.02,13681,22.5,0.424,1.5,-99,-99,-99,-99,-99,0,0,312,347,104,243,0,18,13,1,40,-99,75,0,15,50,71,60,0.07,-99,-99,-99,-99,-99,-99,-99,-99,0,12818,12818,0,0,110804,110802,655,0.0,30.3,25.8,61.9,-99,12.8,10.9,26.3,-99,161.3,86.4,68.4,36.6,98,21.1,10.3,17.9,16.2,419.6,213.2,250.0,-99,-99,1,2024-07-31
117,118,19,1,0,1,BA,CSCER048,ABSR2402,Sim1,-99,W1172401,2024,JP_NRNP06A,43.991,144.118,30,2024001,2024108,2024115,2024174,2024214,2024214,2024,89,6453,2736,2736,0,3162,0.02,13681,22.5,0.424,1.5,-99,-99,-99,-99,-99,0,0,308,349,105,245,0,18,6,1,40,-99,76,0,15,51,71,60,0.07,-99,-99,-99,-99,-99,-99,-99,-99,0,12817,12817,0,0,110800,110797,659,0.0,30.8,25.6,61.6,-99,13.1,10.8,26.1,-99,161.3,85.5,68.4,36.2,99,20.9,10.2,17.7,16.2,419.6,209.2,252.3,-99,-99,1,2024-08-01
118,119,20,1,0,1,BA,CSCER048,ABSR2402,Sim1,-99,W1182401,2024,JP_NRNP06A,43.991,144.118,30,2024001,2024108,2024115,2024174,2024214,2024214,2024,89,6453,2736,2736,0,3162,0.02,13681,22.5,0.424,1.5,-99,-99,-99,-99,-99,0,0,306,348,104,244,0,18,6,1,40,-99,75,0,15,51,71,60,0.07,-99,-99,-99,-99,-99,-99,-99,-99,0,12817,12817,0,0,110800,110797,660,0.0,31.0,25.7,61.8,-99,13.2,10.9,26.2,-99,161.3,86.0,68.4,36.5,99,21.1,10.3,17.9,16.2,419.6,207.9,251.3,-99,-99,1,2024-08-01
119,120,21,1,0,1,BA,CSCER048,ABSR2402,Sim1,-99,W1192401,2024,JP_NRNP06A,43.991,144.118,30,2024001,2024108,2024115,2024174,2024214,2024214,2024,89,6454,2736,2736,0,3162,0.02,13681,22.5,0.424,1.5,-99,-99,-99,-99,-99,0,0,304,347,104,243,0,18,4,1,40,-99,75,0,15,50,71,60,0.07,-99,-99,-99,-99,-99,-99,-99,-99,0,12818,12818,0,0,110803,110801,656,0.0,31.4,25.8,61.9,-99,13.3,10.9,26.3,-99,161.3,86.4,68.4,36.6,99,21.0,10.2,18.0,16.2,419.6,205.3,250.5,-99,-99,1,2024-08-01
120,121,22,1,0,1,BA,CSCER048,ABSR2402,Sim1,-99,W1202401,2024,JP_NRNP06A,43.991,144.118,30,2024001,2024108,2024115,2024174,2024214,2024214,2024,89,6454,2736,2736,0,3162,0.02,13681,22.5,0.424,1.5,-99,-99,-99,-99,-99,0,0,308,349,105,245,0,18,6,1,40,-99,76,0,15,51,71,60,0.07,-99,-99,-99,-99,-99,-99,-99,-99,0,12817,12817,0,0,110797,110794,662,0.0,30.9,25.6,61.6,-99,13.1,10.8,26.1,-99,161.3,85.4,68.4,36.2,99,21.1,10.3,17.7,16.2,419.6,209.2,252.5,-99,-99,1,2024-08-01
121,122,23,1,0,1,BA,CSCER048,ABSR2402,Sim1,-99,W1212401,2024,JP_NRNP06A,43.991,144.118,30,2024001,2024108,2024115,2024174,2024214,2024214,2024,89,6454,2736,2736,0,3162,0.02,13681,22.5,0.424,1.5,-99,-99,-99,-99,-99,0,0,311,349,104,244,0,18,11,1,40,-99,75,0,16,50,71,60,0.07,-99,-99,-99,-99,-99,-99,-99,-99,0,12818,12817,0,0,110801,110799,658,0.0,30.3,25.7,61.9,-99,12.9,10.9,26.2,-99,161.3,85.5,68.4,36.2,99,21.0,10.2,17.7,16.2,419.6,212.8,251.6,-99,-99,1,2024-08-01
122,123,24,1,0,1,BA,CSCER048,ABSR2402,Sim1,-99,W1222401,2024,JP_NRNP06A,43.991,144.118,30,2024001,2024108,2024115,2024174,2024213,2024213,2024,89,6451,2736,2736,0,3162,0.02,13681,22.5,0.424,1.5,-99,-99,-99,-99,-99,0,0,307,348,104,244,0,18,7,1,40,-99,76,0,15,51,72,61,0.069,-99,-99,-99,-99,-99,-99,-99,-99,0,12817,12817,0,0,110798,110796,661,0.0,30.9,25.7,61.9,-99,13.1,10.9,26.3,-99,161.3,85.0,68.4,36.1,98,21.2,10.4,17.6,16.2,419.6,208.7,251.5,-99,-99,1,2024-07-31
123,124,25,1,0,1,BA,CSCER048,ABSR2402,Sim1,-99,W1232401,2024,JP_NRNP06A,43.991,144.118,30,2024001,2024108,2024115,2024174,2024214,2024214,2024,89,6453,2736,2736,0,3162,0.02,13681,22.5,0.424,1.5,-99,-99,-99,-99,-99,0,0,307,350,104,245,0,18,6,1,40,-99,76,0,15,51,72,61,0.07,-99,-99,-99,-99,-99,-99,-99,-99,0,12817,12817,0,0,110796,110793,664,0.0,30.9,25.6,61.8,-99,13.1,10.8,26.2,-99,161.3,85.0,68.4,36.1,99,21.1,10.3,17.6,16.2,419.6,209.0,252.6,-99,-99,1,2024-08-01
124,125,26,1,0,1,BA,CSCER048,ABSR2402,Sim1,-99,W1242401,2024,JP_NRNP06A,43.991,144.118,30,2024001,2024108,2024115,2024174,2024214,2024214,2024,89,6453,2736,2736,0,3162,0.02,13681,22.5,0.424,1.5,-99,-99,-99,-99,-99,0,0,331,352,105,247,0,18,26,1,40,-99,78,0,14,52,74,63,0.07,-99,-99,-99,-99,-99,-99,-99,-99,0,12816,12816,0,0,110787,110785,672,0.0,27.8,25.3,61.4,-99,11.8,10.7,26.0,-99,161.3,82.9,68.4,35.1,99,21.1,10.4,17.7,16.2,419.6,232.1,255.5,-99,-99,1,2024-08-01
125,126,27,1,0,1,BA,CSCER048,ABSR2402,Sim1,-99,W1252401,2024,JP_NRNP06A,43.991,144.118,30,2024001,2024108,2024115,2024174,2024215,2024215,2024,89,6453,2736,2736,0,3162,0.02,13681,22.5,0.424,1.5,-99,-99,-99,-99,-99,0,0,315,352,105,247,0,18,11,1,40,-99,77,0,15,51,73,62,0.07,-99,-99,-99,-99,-99,-99,-99,-99,0,12817,12816,0,0,110790,110788,669,0.0,29.8,25.3,61.6,-99,12.6,10.7,26.1,-99,161.3,83.4,68.4,35.4,100,20.9,10.2,17.5,16.2,419.6,216.4,254.9,-99,-99,1,2024-08-02
126,127,28,1,0,1,BA,CSCER048,ABSR2402,Sim1,-99,W1262401,2024,JP_NRNP06A,43.991,144.118,30,2024001,2024108,2024115,2024174,2024214,2024214,2024,89,6454,2736,2736,0,3162,0.02,13681,22.5,0.424,1.5,-99,-99,-99,-99,-99,0,0,342,352,105,247,0,18,38,1,40,-99,78,0,15,51,74,62,0.069,-99,-99,-99,-99,-99,-99,-99,-99,0,12817,12817,0,0,110793,110791,666,0.0,26.5,25.3,61.7,-99,11.2,10.7,26.1,-99,161.3,83.1,68.4,35.2,99,21.0,10.2,17.7,16.2,419.6,243.3,254.7,-99,-99,1,2024-08-01
127,128,29,1,0,1,BA,CSCER048,ABSR2402,Sim1,-99,W1272401,2024,JP_NRNP06A,43.991,144.118,30,2024001,2024108,2024115,2024174,2024215,2024215,2024,89,6453,2736,2736,0,3162,0.02,13681,22.5,0.424,1.5,-99,-99,-99,-99,-99,0,0,345,352,105,247,3,18,38,1,40,-99,78,0,15,51,74,63,0.07,-99,-99,-99,-99,-99,-99,-99,-99,0,12817,12817,0,0,110792,110789,668,0.0,26.1,25.3,61.6,-99,11.1,10.7,26.1,-99,161.3,83.0,68.4,35.2,100,20.9,10.2,17.4,16.2,419.6,246.8,255.1,-99,-99,1,2024-08-02
128,129,30,1,0,1,BA,CSCER048,ABSR2402,Sim1,-99,W1282401,2024,JP_NRNP06A,43.991,144.118,30,2024001,2024108,2024115,2024174,2024213,2024213,2024,89,6452,2736,2736,0,3162,0.02,13681,22.5,0.424,1.5,-99,-99,-99,-99,-99,0,0,305,348,104,244,0,18,5,1,40,-99,75,0,15,50,71,59,0.07,-99,-99,-99,-99,-99,-99,-99,-99,0,12818,12818,0,0,110805,110803,654,0.0,31.3,25.7,62.0,-99,13.3,10.9,26.3,-99,161.3,86.5,68.4,36.7,98,21.2,10.4,17.8,16.2,419.6,206.4,250.9,-99,-99,1,2024-07-31
129,130,31,1,0,1,BA,CSCER048,ABSR2402,Sim1,-99,W1292401,2024,JP_NRNP06A,43.991,144.118,30,2024001,2024108,2024115,2024174,2024214,2024214,2024,89,6453,2736,2736,0,3162,0.02,13681,22.5,0.424,1.5,-99,-99,-99,-99,-99,0,0,316,352,105,248,0,18,12,1,40,-99,78,0,15,51,73,62,0.07,-99,-99,-99,-99,-99,-99,-99,-99,0,12817,12816,0,0,110790,110787,670,0.0,29.7,25.3,61.7,-99,12.6,10.7,26.2,-99,161.3,83.2,68.4,35.3,99,21.1,10.3,17.6,16.2,419.6,217.2,255.2,-99,-99,1,2024-08-01
130,131,32,1,0,1,BA,CSCER048,ABSR2402,Sim1,-99,W1302401,2024,JP_NRNP06A,43.991,144.118,30,2024001,2024108,2024115,2024174,2024214,2024214,2024,89,6454,2736,2736,0,3162,0.02,13681,22.5,0.424,1.5,-99,-99,-99,-99,-99,0,0,311,351,105,246,0,18,8,1,40,-99,76,0,16,51,72,61,0.07,-99,-99,-99,-99,-99,-99,-99,-99,0,12817,12817,0,0,110798,110795,662,0.0,30.3,25.4,61.6,-99,12.9,10.8,26.1,-99,161.4,85.0,68.4,36.1,99,21.1,10.3,17.9,16.2,419.6,212.8,254.2,-99,-99,1,2024-08-01
131,132,33,1,0,1,BA,CSCER048,ABSR2402,Sim1,-99,W1312401,2024,JP_NRNP06A,43.991,144.118,30,2024001,2024108,2024115,2024174,2024214,2024214,2024,89,6454,2736,2736,0,3162,0.02,13681,22.5,0.424,1.5,-99,-99,-99,-99,-99,0,0,319,349,104,244,0,18,19,1,40,-99,76,0,16,51,72,61,0.07,-99,-99,-99,-99,-99,-99,-99,-99,0,12817,12817,0,0,110799,110797,660,0.0,29.2,25.6,61.8,-99,12.4,10.9,26.2,-99,161.4,85.3,68.4,36.2,99,21.1,10.3,17.7,16.2,419.6,221.0,251.9,-99,-99,1,2024-08-01
132,133,34,1,0,1,BA,CSCER048,ABSR2402,Sim1,-99,W1322401,2024,JP_NRNP06A,43.991,144.118,30,2024001,2024108,2024115,2024174,2024214,2024214,2024,89,6454,2736,2736,0,3162,0.02,13681,22.5,0.424,1.5,-99,-99,-99,-99,-99,0,0,326,349,104,244,0,18,25,1,40,-99,76,0,16,51,72,61,0.07,-99,-99,-99,-99,-99,-99,-99,-99,0,12817,12817,0,0,110798,110795,661,0.0,28.3,25.6,61.9,-99,12.0,10.9,26.2,-99,161.3,85.2,68.4,36.1,99,21.1,10.3,17.7,16.2,419.6,227.8,251.8,-99,-99,1,2024-08-01
133,134,35,1,0,1,BA,CSCER048,ABSR2402,Sim1,-99,W1332401,2024,JP_NRNP06A,43.991,144.118,30,2024001,2024108,2024115,2024174,2024213,2024213,2024,89,6450,2736,2736,0,3162,0.02,13681,22.5,0.424,1.5,-99,-99,-99,-99,-99,0,0,316,351,104,246,0,18,14,1,40,-99,78,0,14,51,74,63,0.069,-99,-99,-99,-99,-99,-99,-99,-99,0,12817,12816,0,0,110789,110787,670,0.0,29.6,25.4,61.9,-99,12.6,10.8,26.3,-99,161.3,82.5,68.4,35.0,98,21.2,10.4,17.6,16.2,419.6,217.7,253.6,-99,-99,1,2024-07-31
134,135,36,1,0,1,BA,CSCER048,ABSR2402,Sim1,-99,W1342401,2024,JP_NRNP06A,43.991,144.118,30,2024001,2024108,2024115,2024174,2024214,2024214,2024,89,6454,2736,2736,0,3162,0.02,13681,22.5,0.424,1.5,-99,-99,-99,-99,-99,0,0,347,353,105,249,4,18,38,1,40,-99,80,0,13,52,76,65,0.069,-99,-99,-99,-99,-99,-99,-99,-99,0,12816,12816,0,0,110787,110784,673,0.0,26.0,25.2,61.5,-99,11.0,10.7,26.1,-99,161.4,80.6,68.4,34.2,99,21.1,10.3,17.7,16.2,419.6,248.5,256.5,-99,-99,1,2024-08-01
135,136,37,1,0,1,BA,CSCER048,ABSR2402,Sim1,-99,W1352401,2024,JP_NRNP06A,43.991,144.118,30,2024001,2024108,2024115,2024174,2024214,2024214,2024,89,6460,2736,2736,0,3162,0.02,13681,22.5,0.424,1.5,-99,-99,-99,-99,-99,0,0,343,355,105,250,1,18,35,1,40,-99,80,0,14,52,76,65,0.069,-99,-99,-99,-99,-99,-99,-99,-99,0,12816,12816,0,0,110786,110784,673,0.0,26.4,25.0,61.5,-99,11.2,10.6,26.1,-99,161.5,80.6,68.4,34.1,99,20.9,10.2,17.8,16.2,419.6,244.7,258.5,-99,-99,1,2024-08-01
136,137,38,1,0,1,BA,CSCER048,ABSR2402,Sim1,-99,W1362401,2024,JP_NRNP06A,43.991,144.118,30,2024001,2024108,2024115,2024174,2024214,2024214,2024,89,6454,2736,2736,0,3162,0.02,13681,22.5,0.424,1.5,-99,-99,-99,-99,-99,0,0,402,358,105,252,10,24,77,1,40,-99,80,1,12,52,76,65,0.069,-99,-99,-99,-99,-99,-99,-99,-99,0,12816,12816,0,0,110787,110784,673,0.0,21.3,24.8,61.3,-99,9.0,10.5,26.0,-99,161.3,80.3,68.4,34.1,99,21.1,10.4,17.8,16.2,419.6,303.4,260.6,-99,-99,1,2024-08-01
137,138,39,1,0,1,BA,CSCER048,ABSR2402,Sim1,-99,W1372401,2024,JP_NRNP06A,43.991,144.118,30,2024001,2024108,2024115,2024174,2024213,2024213,2024,89,6451,2736,2736,0,3162,0.02,13681,22.5,0.424,1.5,-99,-99,-99,-99,-99,0,0,341,353,105,248,1,18,35,1,40,-99,79,0,14,51,75,64,0.069,-99,-99,-99,-99,-99,-99,-99,-99,0,12817,12817,0,0,110792,110789,667,0.0,26.6,25.2,61.7,-99,11.3,10.7,26.2,-99,161.3,81.7,68.4,34.6,98,21.1,10.4,17.7,16.2,419.6,242.7,255.9,-99,-99,1,2024-07-31
138,139,40,1,0,1,BA,CSCER048,ABSR2402,Sim1,-99,W1382401,2024,JP_NRNP06A,43.991,144.118,30,2024001,2024108,2024115,2024174,2024215,2024215,2024,89,6459,2736,2736,0,3162,0.02,13681,22.5,0.424,1.5,-99,-99,-99,-99,-99,0,0,320,355,105,250,0,18,13,1,40,-99,78,0,14,52,74,63,0.07,-99,-99,-99,-99,-99,-99,-99,-99,0,12816,12816,0,0,110783,110781,676,0.0,29.2,25.0,61.4,-99,12.4,10.6,26.0,-99,161.5,82.3,68.4,34.9,100,21.2,10.3,17.6,16.2,419.6,221.5,257.9,-99,-99,1,2024-08-02
139,140,41,1,0,1,BA,CSCER048,ABSR2402,Sim1,-99,W1392401,2024,JP_NRNP06A,43.991,144.118,30,2024001,2024108,2024115,2024174,2024214,2024214,2024,89,6454,2736,2736,0,3162,0.02,13681,22.5,0.424,1.5,-99,-99,-99,-99,-99,0,0,348,354,105,249,1,18,42,1,40,-99,80,0,14,52,76,65,0.069,-99,-99,-99,-99,-99,-99,-99,-99,0,12816,12816,0,0,110787,110784,673,0.0,25.8,25.1,61.5,-99,10.9,10.7,26.1,-99,161.4,81.0,68.4,34.3,99,21.1,10.3,17.7,16.2,419.6,250.0,256.8,-99,-99,1,2024-08-01
140,141,42,1,0,1,BA,CSCER048,ABSR2402,Sim1,-99,W1402401,2024,JP_NRNP06A,43.991,144.118,30,2024001,2024108,2024115,2024174,2024215,2024215,2024,89,6454,2736,2736,0,3162,0.02,13681,22.5,0.424,1.5,-99,-99,-99,-99,-99,0,0,309,351,105,246,0,18,7,1,40,-99,76,0,15,51,72,61,0.07,-99,-99,-99,-99,-99,-99,-99,-99,0,12817,12817,0,0,110796,110793,663,0.0,30.6,25.4,61.8,-99,13.0,10.8,26.2,-99,161.4,84.9,68.4,36.0,100,20.9,10.2,17.4,16.2,419.6,210.8,253.7,-99,-99,1,2024-08-02
141,142,43,1,0,1,BA,CSCER048,ABSR2402,Sim1,-99,W1412401,2024,JP_NRNP06A,43.991,144.118,30,2024001,2024108,2024115,2024174,2024214,2024214,2024,89,6453,2736,2736,0,3162,0.02,13681,22.5,0.424,1.5,-99,-99,-99,-99,-99,0,0,316,352,104,247,0,18,12,1,40,-99,77,0,15,51,73,62,0.07,-99,-99,-99,-99,-99,-99,-99,-99,0,12817,12817,0,0,110794,110791,665,0.0,29.7,25.3,61.8,-99,12.6,10.7,26.2,-99,161.3,83.9,68.4,35.6,99,21.0,10.3,17.5,16.2,419.6,217.5,254.9,-99,-99,1,2024-08-01
142,143,44,1,0,1,BA,CSCER048,ABSR2402,Sim1,-99,W1422401,2024,JP_NRNP06A,43.991,144.118,30,2024001,2024108,2024115,2024174,2024213,2024213,2024,89,6452,2736,2736,0,3162,0.02,13681,22.5,0.424,1.5,-99,-99,-99,-99,-99,0,0,337,349,104,245,1,18,35,1,40,-99,76,0,16,50,71,60,0.069,-99,-99,-99,-99,-99,-99,-99,-99,0,12818,12817,0,0,110801,110798,659,0.0,27.0,25.6,61.9,-99,11.4,10.8,26.2,-99,161.3,85.4,68.4,36.2,98,21.2,10.4,17.8,16.2,419.6,239.0,252.5,-99,-99,1,2024-07-31
143,144,45,1,0,1,BA,CSCER048,ABSR2402,Sim1,-99,W1432401,2024,JP_NRNP06A,43.991,144.118,30,2024001,2024108,2024115,2024174,2024213,2024213,2024,89,6453,2736,2736,0,3162,0.02,13681,22.5,0.424,1.5,-99,-99,-99,-99,-99,0,0,334,351,105,246,2,18,30,1,40,-99,76,0,16,51,72,61,0.069,-99,-99,-99,-99,-99,-99,-99,-99,0,12817,12817,0,0,110800,110797,659,0.0,27.4,25.4,61.7,-99,11.6,10.8,26.1,-99,161.3,84.5,68.4,35.9,98,21.1,10.3,17.7,16.2,419.6,235.5,253.6,-99,-99,1,2024-07-31
144,145,46,1,0,1,BA,CSCER048,ABSR2402,Sim1,-99,W1442401,2024,JP_NRNP06A,43.991,144.118,30,2024001,2024108,2024115,2024174,2024214,2024214,2024,89,6453,2736,2736,0,3162,0.02,13681,22.5,0.424,1.5,-99,-99,-99,-99,-99,0,0,316,351,104,246,0,18,13,1,40,-99,77,0,15,51,73,62,0.07,-99,-99,-99,-99,-99,-99,-99,-99,0,12817,12816,0,0,110790,110787,669,0.0,29.7,25.4,61.8,-99,12.6,10.8,26.2,-99,161.3,83.5,68.4,35.4,99,21.1,10.4,17.5,16.2,419.6,217.5,253.9,-99,-99,1,2024-08-01
145,146,47,1,0,1,BA,CSCER048,ABSR2402,Sim1,-99,W1452401,2024,JP_NRNP06A,43.991,144.118,30,2024001,2024108,2024115,2024174,2024213,2024213,2024,89,6452,2736,2736,0,3162,0.02,13681,22.5,0.424,1.5,-99,-99,-99,-99,-99,0,0,311,347,104,243,0,18,12,1,40,-99,74,0,16,50,70,59,0.07,-99,-99,-99,-99,-99,-99,-99,-99,0,12818,12818,0,0,110805,110802,654,0.0,30.3,25.8,61.9,-99,12.9,10.9,26.3,-99,161.3,86.6,68.4,36.7,98,21.2,10.4,17.9,16.2,419.6,212.8,249.9,-99,-99,1,2024-07-31
146,147,48,1,0,1,BA,CSCER048,ABSR2402,Sim1,-99,W1462401,2024,JP_NRNP06A,43.991,144.118,30,2024001,2024108,2024115,2024174,2024214,2024214,2024,89,6454,2736,2736,0,3162,0.02,13681,22.5,0.424,1.5,-99,-99,-99,-99,-99,0,0,304,347,104,243,0,18,4,1,40,-99,75,0,15,50,71,60,0.07,-99,-99,-99,-99,-99,-99,-99,-99,0,12818,12818,0,0,110803,110800,657,0.0,31.4,25.8,61.9,-99,13.3,10.9,26.3,-99,161.3,86.4,68.4,36.6,99,21.0,10.2,18.0,16.2,419.6,205.3,250.5,-99,-99,1,2024-08-01
147,148,49,1,0,1,BA,CSCER048,ABSR2402,Sim1,-99,W1472401,2024,JP_NRNP06A,43.991,144.118,30,2024001,2024108,2024115,2024174,2024215,2024215,2024,89,6452,2736,2736,0,3162,0.02,13681,22.5,0.424,1.5,-99,-99,-99,-99,-99,0,0,373,355,105,250,4,18,62,1,40,-99,80,0,13,52,76,65,0.069,-99,-99,-99,-99,-99,-99,-99,-99,0,12816,12816,0,0,110785,110782,675,0.0,23.5,25.0,61.6,-99,10.0,10.6,26.1,-99,161.3,80.4,68.4,34.1,100,20.9,10.2,17.5,16.2,419.6,274.4,257.8,-99,-99,1,2024-08-02
148,149,50,1,0,1,BA,CSCER048,ABSR2402,Sim1,-99,W1482401,2024,JP_NRNP06A,43.991,144.118,30,2024001,2024108,2024115,2024174,2024214,2024214,2024,89,6454,2736,2736,0,3162,0.02,13681,22.5,0.424,1.5,-99,-99,-99,-99,-99,0,0,316,351,105,246,0,18,13,1,40,-99,76,0,15,51,72,61,0.07,-99,-99,-99,-99,-99,-99,-99,-99,0,12817,12817,0,0,110797,110794,662,0.0,29.7,25.4,61.7,-99,12.6,10.8,26.2,-99,161.3,85.3,68.4,36.2,99,21.1,10.3,17.8,16.2,419.6,217.1,254.0,-99,-99,1,2024-08-01
149,150,51,1,0,1,BA,CSCER048,ABSR2402,Sim1,-99,W1492401,2024,JP_NRNP06A,43.991,144.118,30,2024001,2024108,2024115,2024174,2024213,2024213,2024,89,6452,2736,2736,0,3162,0.02,13681,22.5,0.424,1.5,-99,-99,-99,-99,-99,0,0,320,348,104,245,0,18,19,1,40,-99,75,0,16,50,70,59,0.07,-99,-99,-99,-99,-99,-99,-99,-99,0,12818,12818,0,0,110805,110802,655,0.0,29.2,25.7,62.1,-99,12.4,10.9,26.3,-99,161.3,86.6,68.4,36.7,98,21.1,10.3,17.9,16.2,419.6,221.2,251.5,-99,-99,1,2024-07-31
150,151,52,1,0,1,BA,CSCER048,ABSR2402,Sim1,-99,W1502401,2024,JP_NRNP06A,43.991,144.118,30,2024001,2024108,2024115,2024174,2024214,2024214,2024,89,6453,2736,2736,0,3162,0.02,13681,22.5,0.424,1.5,-99,-99,-99,-99,-99,0,0,323,355,105,250,0,18,16,1,40,-99,79,0,14,52,75,64,0.069,-99,-99,-99,-99,-99,-99,-99,-99,0,12816,12816,0,0,110786,110784,673,0.0,28.7,25.0,61.5,-99,12.2,10.6,26.1,-99,161.3,82.0,68.4,34.8,99,21.0,10.3,17.7,16.2,419.6,224.9,258.2,-99,-99,1,2024-08-01
151,152,53,1,0,1,BA,CSCER048,ABSR2402,Sim1,-99,W1512401,2024,JP_NRNP06A,43.991,144.118,30,2024001,2024108,2024115,2024174,2024214,2024214,2024,89,6454,2736,2736,0,3162,0.02,13681,22.5,0.424,1.5,-99,-99,-99,-99,-99,0,0,317,351,105,246,0,18,14,1,40,-99,77,0,15,51,73,62,0.07,-99,-99,-99,-99,-99,-99,-99,-99,0,12817,12817,0,0,110794,110791,666,0.0,29.6,25.5,61.7,-99,12.5,10.8,26.1,-99,161.4,84.1,68.4,35.6,99,21.1,10.4,17.7,16.2,419.6,218.4,253.6,-99,-99,1,2024-08-01
152,153,54,1,0,1,BA,CSCER048,ABSR2402,Sim1,-99,W1522401,2024,JP_NRNP06A,43.991,144.118,30,2024001,2024108,2024115,2024174,2024214,2024214,2024,89,6454,2736,2736,0,3162,0.02,13681,22.5,0.424,1.5,-99,-99,-99,-99,-99,0,0,339,354,105,249,1,18,33,1,40,-99,80,0,14,52,76,65,0.069,-99,-99,-99,-99,-99,-99,-99,-99,0,12816,12815,0,0,110779,110777,680,0.0,26.8,25.1,61.7,-99,11.4,10.6,26.1,-99,161.4,80.4,68.4,34.1,99,21.2,10.4,17.6,16.2,419.6,240.8,257.2,-99,-99,1,2024-08-01
153,154,55,1,0,1,BA,CSCER048,ABSR2402,Sim1,-99,W1532401,2024,JP_NRNP06A,43.991,144.118,30,2024001,2024108,2024115,2024174,2024213,2024213,2024,89,6453,2736,2736,0,3162,0.02,13681,22.5,0.424,1.5,-99,-99,-99,-99,-99,0,0,326,348,104,244,0,18,26,1,40,-99,75,0,16,50,71,60,0.069,-99,-99,-99,-99,-99,-99,-99,-99,0,12818,12818,0,0,110803,110800,657,0.0,28.4,25.7,61.9,-99,12.0,10.9,26.2,-99,161.3,85.6,68.4,36.3,98,21.1,10.3,17.8,16.2,419.6,227.5,251.2,-99,-99,1,2024-07-31
154,155,56,1,0,1,BA,CSCER048,ABSR2402,Sim1,-99,W1542401,2024,JP_NRNP06A,43.991,144.118,30,2024001,2024108,2024115,2024174,2024214,2024214,2024,89,6454,2736,2736,0,3162,0.02,13681,22.5,0.424,1.5,-99,-99,-99,-99,-99,0,0,308,349,105,245,0,18,7,1,40,-99,76,0,15,51,72,60,0.07,-99,-99,-99,-99,-99,-99,-99,-99,0,12817,12817,0,0,110797,110794,663,0.0,30.8,25.6,61.6,-99,13.1,10.8,26.1,-99,161.3,85.4,68.4,36.2,99,21.1,10.3,17.7,16.2,419.6,209.3,252.2,-99,-99,1,2024-08-01
155,156,57,1,0,1,BA,CSCER048,ABSR2402,Sim1,-99,W1552401,2024,JP_NRNP06A,43.991,144.118,30,2024001,2024108,2024115,2024174,2024214,2024214,2024,89,6454,2736,2736,0,3162,0.02,13681,22.5,0.424,1.5,-99,-99,-99,-99,-99,0,0,316,354,105,249,0,18,10,1,40,-99,78,0,14,52,74,63,0.07,-99,-99,-99,-99,-99,-99,-99,-99,0,12816,12816,0,0,110786,110784,673,0.0,29.7,25.1,61.3,-99,12.6,10.6,26.0,-99,161.3,82.4,68.4,34.9,99,21.1,10.4,17.8,16.2,419.6,217.6,256.9,-99,-99,1,2024-08-01
156,157,58,1,0,1,BA,CSCER048,ABSR2402,Sim1,-99,W1562401,2024,JP_NRNP06A,43.991,144.118,30,2024001,2024108,2024115,2024174,2024214,2024214,2024,89,6454,2736,2736,0,3162,0.02,13681,22.5,0.424,1.5,-99,-99,-99,-99,-99,0,0,329,355,105,250,0,18,21,1,40,-99,79,0,14,52,75,64,0.069,-99,-99,-99,-99,-99,-99,-99,-99,0,12816,12816,0,0,110783,110781,676,0.0,28.0,25.0,61.5,-99,11.9,10.6,26.1,-99,161.4,81.7,68.4,34.6,99,21.0,10.3,17.7,16.2,419.6,230.3,258.4,-99,-99,1,2024-08-01
157,158,59,1,0,1,BA,CSCER048,ABSR2402,Sim1,-99,W1572401,2024,JP_NRNP06A,43.991,144.118,30,2024001,2024108,2024115,2024174,2024214,2024214,2024,89,6455,2736,2736,0,3162,0.02,13681,22.5,0.424,1.5,-99,-99,-99,-99,-99,0,0,354,351,105,247,2,18,49,1,40,-99,78,0,15,51,74,63,0.069,-99,-99,-99,-99,-99,-99,-99,-99,0,12817,12817,0,0,110795,110792,665,0.0,25.3,25.4,61.7,-99,10.7,10.8,26.2,-99,161.4,83.0,68.4,35.2,99,21.0,10.2,17.7,16.2,419.6,255.6,254.5,-99,-99,1,2024-08-01
158,159,60,1,0,1,BA,CSCER048,ABSR2402,Sim1,-99,W1582401,2024,JP_NRNP06A,43.991,144.118,30,2024001,2024108,2024115,2024174,2024214,2024214,2024,89,6453,2736,2736,0,3162,0.02,13681,22.5,0.424,1.5,-99,-99,-99,-99,-99,0,0,362,353,105,249,4,18,53,1,40,-99,79,0,14,52,75,64,0.069,-99,-99,-99,-99,-99,-99,-99,-99,0,12816,12816,0,0,110787,110785,672,0.0,24.5,25.2,61.7,-99,10.4,10.7,26.2,-99,161.3,81.5,68.4,34.6,99,21.1,10.4,17.5,16.2,419.6,263.6,256.2,-99,-99,1,2024-08-01
159,160,61,1,0,1,BA,CSCER048,ABSR2402,Sim1,-99,W1592401,2024,JP_NRNP06A,43.991,144.118,30,2024001,2024108,2024115,2024174,2024214,2024214,2024,89,6454,2736,2736,0,3162,0.02,13681,22.5,0.424,1.5,-99,-99,-99,-99,-99,0,0,320,354,105,249,0,18,14,1,40,-99,78,0,16,51,74,62,0.07,-99,-99,-99,-99,-99,-99,-99,-99,0,12817,12817,0,0,110792,110789,668,0.0,29.2,25.1,61.5,-99,12.4,10.6,26.1,-99,161.3,83.2,68.4,35.3,99,21.1,10.3,17.8,16.2,419.6,221.2,257.2,-99,-99,1,2024-08-01
160,161,62,1,0,1,BA,CSCER048,ABSR2402,Sim1,-99,W1602401,2024,JP_NRNP06A,43.991,144.118,30,2024001,2024108,2024115,2024174,2024214,2024214,2024,89,6453,2736,2736,0,3162,0.02,13681,22.5,0.424,1.5,-99,-99,-99,-99,-99,0,0,335,353,104,248,0,18,30,1,40,-99,79,0,14,52,75,64,0.07,-99,-99,-99,-99,-99,-99,-99,-99,0,12816,12816,0,0,110784,110782,675,0.0,27.3,25.2,61.8,-99,11.6,10.7,26.2,-99,161.3,81.9,68.4,34.7,99,21.1,10.4,17.5,16.2,419.6,236.5,255.8,-99,-99,1,2024-08-01
161,162,63,1,0,1,BA,CSCER048,ABSR2402,Sim1,-99,W1612401,2024,JP_NRNP06A,43.991,144.118,30,2024001,2024108,2024115,2024174,2024214,2024214,2024,89,6454,2736,2736,0,3162,0.02,13681,22.5,0.424,1.5,-99,-99,-99,-99,-99,0,0,318,355,105,250,0,18,11,1,40,-99,78,0,15,51,74,63,0.07,-99,-99,-99,-99,-99,-99,-99,-99,0,12817,12817,0,0,110790,110788,669,0.0,29.4,25.0,61.4,-99,12.5,10.6,26.0,-99,161.4,83.0,68.4,35.2,99,21.1,10.3,17.8,16.2,419.6,219.3,258.0,-99,-99,1,2024-08-01
162,163,64,1,0,1,BA,CSCER048,ABSR2402,Sim1,-99,W1622401,2024,JP_NRNP06A,43.991,144.118,30,2024001,2024108,2024115,2024174,2024214,2024214,2024,89,6454,2736,2736,0,3162,0.02,13681,22.5,0.424,1.5,-99,-99,-99,-99,-99,0,0,334,352,105,247,1,18,29,1,40,-99,76,0,16,51,72,60,0.07,-99,-99,-99,-99,-99,-99,-99,-99,0,12817,12817,0,0,110798,110795,661,0.0,27.4,25.3,61.7,-99,11.6,10.7,26.1,-99,161.3,85.3,68.4,36.2,99,21.0,10.3,17.8,16.2,419.6,235.2,255.0,-99,-99,1,2024-08-01
163,164,65,1,0,1,BA,CSCER048,ABSR2402,Sim1,-99,W1632401,2024,JP_NRNP06A,43.991,144.118,30,2024001,2024108,2024115,2024174,2024214,2024214,2024,89,6459,2736,2736,0,3162,0.02,13681,22.5,0.424,1.5,-99,-99,-99,-99,-99,0,0,327,355,105,250,0,18,20,1,40,-99,79,0,14,52,75,64,0.069,-99,-99,-99,-99,-99,-99,-99,-99,0,12816,12816,0,0,110782,110780,677,0.0,28.2,25.0,61.6,-99,12.0,10.6,26.1,-99,161.5,81.4,68.4,34.5,99,21.2,10.3,17.7,16.2,419.6,228.8,258.0,-99,-99,1,2024-08-01
164,165,66,1,0,1,BA,CSCER048,ABSR2402,Sim1,-99,W1642401,2024,JP_NRNP06A,43.991,144.118,30,2024001,2024108,2024115,2024174,2024214,2024214,2024,89,6454,2736,2736,0,3162,0.02,13681,22.5,0.424,1.5,-99,-99,-99,-99,-99,0,0,313,354,105,249,0,18,7,1,40,-99,77,0,15,51,73,62,0.07,-99,-99,-99,-99,-99,-99,-99,-99,0,12817,12817,0,0,110795,110792,665,0.0,30.1,25.1,61.5,-99,12.8,10.7,26.1,-99,161.3,83.8,68.4,35.5,99,21.0,10.2,17.7,16.2,419.6,214.5,256.8,-99,-99,1,2024-08-01
165,166,67,1,0,1,BA,CSCER048,ABSR2402,Sim1,-99,W1652401,2024,JP_NRNP06A,43.991,144.118,30,2024001,2024108,2024115,2024174,2024213,2024213,2024,89,6453,2736,2736,0,3162,0.02,13681,22.5,0.424,1.5,-99,-99,-99,-99,-99,0,0,321,353,105,248,0,18,16,1,40,-99,77,0,14,51,73,62,0.069,-99,-99,-99,-99,-99,-99,-99,-99,0,12817,12817,0,0,110793,110790,666,0.0,29.0,25.2,61.7,-99,12.3,10.7,26.1,-99,161.3,83.4,68.4,35.4,98,21.1,10.3,17.7,16.2,419.6,222.3,256.0,-99,-99,1,2024-07-31
166,167,68,1,0,1,BA,CSCER048,ABSR2402,Sim1,-99,W1662401,2024,JP_NRNP06A,43.991,144.118,30,2024001,2024108,2024115,2024174,2024214,2024214,2024,89,6455,2733,2733,0,3159,0.02,13681,22.5,0.423,1.5,-99,-99,-99,-99,-99,0,0,319,353,105,248,0,18,13,1,40,-99,78,0,14,52,74,63,0.069,-99,-99,-99,-99,-99,-99,-99,-99,0,12816,12816,0,0,110787,110785,672,0.0,29.3,25.2,61.3,-99,12.4,10.7,26.0,-99,161.4,82.5,68.3,34.9,99,21.0,10.2,17.9,16.2,419.6,220.1,256.3,-99,-99,1,2024-08-01
167,168,69,1,0,1,BA,CSCER048,ABSR2402,Sim1,-99,W1672401,2024,JP_NRNP06A,43.991,144.118,30,2024001,2024108,2024115,2024174,2024214,2024214,2024,89,6454,2736,2736,0,3162,0.02,13681,22.5,0.424,1.5,-99,-99,-99,-99,-99,0,0,304,348,104,243,0,18,5,1,40,-99,75,0,15,50,71,60,0.07,-99,-99,-99,-99,-99,-99,-99,-99,0,12818,12817,0,0,110801,110799,658,0.0,31.3,25.7,61.9,-99,13.3,10.9,26.2,-99,161.4,86.2,68.4,36.5,99,21.0,10.3,17.9,16.2,419.6,206.0,250.8,-99,-99,1,2024-08-01
168,169,70,1,0,1,BA,CSCER048,ABSR2402,Sim1,-99,W1682401,2024,JP_NRNP06A,43.991,144.118,30,2024001,2024108,2024115,2024174,2024214,2024214,2024,89,6454,2736,2736,0,3162,0.02,13681,22.5,0.424,1.5,-99,-99,-99,-99,-99,0,0,357,355,105,250,4,18,47,1,40,-99,80,0,14,52,76,65,0.069,-99,-99,-99,-99,-99,-99,-99,-99,0,12816,12816,0,0,110787,110784,673,0.0,24.9,25.1,61.5,-99,10.6,10.6,26.1,-99,161.4,80.8,68.4,34.3,99,21.0,10.2,17.7,16.2,419.6,259.0,257.6,-99,-99,1,2024-08-01
169,170,71,1,0,1,BA,CSCER048,ABSR2402,Sim1,-99,W1692401,2024,JP_NRNP06A,43.991,144.118,30,2024001,2024108,2024115,2024174,2024214,2024214,2024,89,6455,2736,2736,0,3162,0.02,13681,22.5,0.424,1.5,-99,-99,-99,-99,-99,0,0,330,352,105,247,0,18,26,1,40,-99,77,0,15,51,73,62,0.07,-99,-99,-99,-99,-99,-99,-99,-99,0,12817,12817,0,0,110795,110792,665,0.0,27.9,25.4,61.5,-99,11.8,10.7,26.1,-99,161.4,84.2,68.4,35.7,99,21.0,10.2,17.7,16.2,419.6,231.6,254.6,-99,-99,1,2024-08-01
170,171,72,1,0,1,BA,CSCER048,ABSR2402,Sim1,-99,W1702401,2024,JP_NRNP06A,43.991,144.118,30,2024001,2024108,2024115,2024174,2024214,2024214,2024,89,6454,2736,2736,0,3162,0.02,13681,22.5,0.424,1.5,-99,-99,-99,-99,-99,0,0,305,348,104,243,0,18,5,1,40,-99,75,0,16,51,71,60,0.07,-99,-99,-99,-99,-99,-99,-99,-99,0,12817,12817,0,0,110800,110797,659,0.0,31.3,25.7,61.8,-99,13.3,10.9,26.2,-99,161.4,86.1,68.4,36.5,99,21.1,10.3,17.9,16.2,419.6,206.1,250.8,-99,-99,1,2024-08-01
171,172,73,1,0,1,BA,CSCER048,ABSR2402,Sim1,-99,W1712401,2024,JP_NRNP06A,43.991,144.118,30,2024001,2024108,2024115,2024174,2024214,2024214,2024,89,6454,2736,2736,0,3162,0.02,13681,22.5,0.424,1.5,-99,-99,-99,-99,-99,0,0,337,353,105,249,0,18,31,1,40,-99,79,0,14,52,75,63,0.069,-99,-99,-99,-99,-99,-99,-99,-99,0,12816,12816,0,0,110784,110782,675,0.0,27.1,25.2,61.7,-99,11.5,10.7,26.2,-99,161.4,82.1,68.4,34.8,99,21.0,10.3,17.6,16.2,419.6,238.4,256.4,-99,-99,1,2024-08-01
172,173,74,1,0,1,BA,CSCER048,ABSR2402,Sim1,-99,W1722401,2024,JP_NRNP06A,43.991,144.118,30,2024001,2024108,2024115,2024174,2024214,2024214,2024,89,6454,2736,2736,0,3162,0.02,13681,22.5,0.424,1.5,-99,-99,-99,-99,-99,0,0,333,354,105,249,1,18,27,1,40,-99,80,0,13,52,76,65,0.069,-99,-99,-99,-99,-99,-99,-99,-99,0,12816,12816,0,0,110783,110780,677,0.0,27.5,25.1,61.6,-99,11.7,10.6,26.1,-99,161.3,80.6,68.4,34.2,99,21.1,10.3,17.7,16.2,419.6,234.5,257.0,-99,-99,1,2024-08-01
173,174,75,1,0,1,BA,CSCER048,ABSR2402,Sim1,-99,W1732401,2024,JP_NRNP06A,43.991,144.118,30,2024001,2024108,2024115,2024174,2024213,2024213,2024,89,6452,2736,2736,0,3162,0.02,13681,22.5,0.424,1.5,-99,-99,-99,-99,-99,0,0,306,347,104,243,0,18,7,1,40,-99,74,0,16,50,70,59,0.07,-99,-99,-99,-99,-99,-99,-99,-99,0,12818,12818,0,0,110806,110803,653,0.0,31.1,25.8,61.9,-99,13.2,11.0,26.3,-99,161.3,86.7,68.4,36.8,98,21.1,10.4,17.7,16.2,419.6,207.4,249.7,-99,-99,1,2024-07-31
174,175,76,1,0,1,BA,CSCER048,ABSR2402,Sim1,-99,W1742401,2024,JP_NRNP06A,43.991,144.118,30,2024001,2024108,2024115,2024174,2024214,2024214,2024,89,6454,2736,2736,0,3162,0.02,13681,22.5,0.424,1.5,-99,-99,-99,-99,-99,0,0,332,353,105,248,0,18,26,1,40,-99,79,0,14,52,75,63,0.069,-99,-99,-99,-99,-99,-99,-99,-99,0,12816,12816,0,0,110786,110783,674,0.0,27.6,25.2,61.5,-99,11.7,10.7,26.1,-99,161.4,82.1,68.4,34.8,99,21.1,10.3,17.7,16.2,419.6,233.5,256.5,-99,-99,1,2024-08-01
175,176,77,1,0,1,BA,CSCER048,ABSR2402,Sim1,-99,W1752401,2024,JP_NRNP06A,43.991,144.118,30,2024001,2024108,2024115,2024174,2024214,2024214,2024,89,6453,2736,2736,0,3162,0.02,13681,22.5,0.424,1.5,-99,-99,-99,-99,-99,0,0,342,352,105,248,0,18,37,1,40,-99,78,0,15,51,74,63,0.069,-99,-99,-99,-99,-99,-99,-99,-99,0,12817,12816,0,0,110790,110787,670,0.0,26.5,25.3,61.6,-99,11.2,10.7,26.1,-99,161.3,82.9,68.4,35.2,99,21.1,10.4,17.7,16.2,419.6,243.3,255.5,-99,-99,1,2024-08-01
176,177,78,1,0,1,BA,CSCER048,ABSR2402,Sim1,-99,W1762401,2024,JP_NRNP06A,43.991,144.118,30,2024001,2024108,2024115,2024174,2024215,2024215,2024,89,6454,2736,2736,0,3162,0.02,13681,22.5,0.424,1.5,-99,-99,-99,-99,-99,0,0,307,351,104,246,0,18,5,1,40,-99,76,0,15,51,72,61,0.07,-99,-99,-99,-99,-99,-99,-99,-99,0,12817,12817,0,0,110794,110791,665,0.0,30.9,25.5,61.8,-99,13.1,10.8,26.2,-99,161.3,85.1,68.4,36.1,100,21.1,10.3,17.5,16.2,419.6,208.9,253.5,-99,-99,1,2024-08-02
177,178,79,1,0,1,BA,CSCER048,ABSR2402,Sim1,-99,W1772401,2024,JP_NRNP06A,43.991,144.118,30,2024001,2024108,2024115,2024174,2024213,2024213,2024,89,6451,2736,2736,0,3162,0.02,13681,22.5,0.424,1.5,-99,-99,-99,-99,-99,0,0,305,347,104,243,0,18,6,1,40,-99,75,0,15,50,71,60,0.07,-99,-99,-99,-99,-99,-99,-99,-99,0,12818,12818,0,0,110804,110801,656,0.0,31.2,25.8,61.9,-99,13.2,10.9,26.2,-99,161.3,86.2,68.4,36.6,98,21.2,10.4,17.8,16.2,419.6,206.6,250.5,-99,-99,1,2024-07-31
178,179,80,1,0,1,BA,CSCER048,ABSR2402,Sim1,-99,W1782401,2024,JP_NRNP06A,43.991,144.118,30,2024001,2024108,2024115,2024174,2024214,2024214,2024,89,6454,2736,2736,0,3162,0.02,13681,22.5,0.424,1.5,-99,-99,-99,-99,-99,0,0,351,355,105,250,1,18,43,1,40,-99,81,0,13,52,77,66,0.069,-99,-99,-99,-99,-99,-99,-99,-99,0,12816,12816,0,0,110784,110781,676,0.0,25.5,25.0,61.5,-99,10.8,10.6,26.1,-99,161.3,79.9,68.4,33.9,99,21.1,10.3,17.7,16.2,419.6,252.7,258.4,-99,-99,1,2024-08-01
179,180,81,1,0,1,BA,CSCER048,ABSR2402,Sim1,-99,W1792401,2024,JP_NRNP06A,43.991,144.118,30,2024001,2024108,2024115,2024174,2024213,2024213,2024,89,6453,2736,2736,0,3162,0.02,13681,22.5,0.424,1.5,-99,-99,-99,-99,-99,0,0,310,351,105,245,0,18,7,1,40,-99,77,0,14,51,73,62,0.069,-99,-99,-99,-99,-99,-99,-99,-99,0,12817,12817,0,0,110795,110792,665,0.0,30.5,25.4,61.3,-99,12.9,10.8,26.0,-99,161.3,83.8,68.4,35.6,98,21.2,10.4,17.9,16.2,419.6,211.6,253.7,-99,-99,1,2024-07-31
180,181,82,1,0,1,BA,CSCER048,ABSR2402,Sim1,-99,W1802401,2024,JP_NRNP06A,43.991,144.118,30,2024001,2024108,2024115,2024174,2024214,2024214,2024,89,6453,2736,2736,0,3162,0.02,13681,22.5,0.424,1.5,-99,-99,-99,-99,-99,0,0,306,348,104,244,0,18,6,1,40,-99,75,0,16,51,71,60,0.07,-99,-99,-99,-99,-99,-99,-99,-99,0,12817,12817,0,0,110800,110797,660,0.0,31.1,25.7,61.9,-99,13.2,10.9,26.3,-99,161.3,86.3,68.4,36.6,99,21.2,10.4,17.9,16.2,419.6,207.5,250.8,-99,-99,1,2024-08-01
181,182,83,1,0,1,BA,CSCER048,ABSR2402,Sim1,-99,W1812401,2024,JP_NRNP06A,43.991,144.118,30,2024001,2024108,2024115,2024174,2024214,2024214,2024,89,6455,2730,2730,0,3155,0.02,13681,22.5,0.423,1.5,-99,-99,-99,-99,-99,0,0,317,353,105,248,0,18,12,1,40,-99,78,0,14,52,74,63,0.07,-99,-99,-99,-99,-99,-99,-99,-99,0,12816,12816,0,0,110787,110785,672,0.0,29.6,25.2,61.5,-99,12.5,10.7,26.0,-99,161.4,82.3,68.2,34.8,99,21.0,10.2,17.8,16.2,419.6,218.2,255.9,-99,-99,1,2024-08-01
182,183,84,1,0,1,BA,CSCER048,ABSR2402,Sim1,-99,W1822401,2024,JP_NRNP06A,43.991,144.118,30,2024001,2024108,2024115,2024174,2024213,2024213,2024,89,6451,2736,2736,0,3162,0.02,13681,22.5,0.424,1.5,-99,-99,-99,-99,-99,0,0,318,347,104,243,0,18,19,1,40,-99,75,0,16,50,71,59,0.07,-99,-99,-99,-99,-99,-99,-99,-99,0,12818,12818,0,0,110805,110803,654,0.0,29.4,25.8,61.9,-99,12.5,10.9,26.3,-99,161.3,86.4,68.4,36.7,98,21.1,10.4,17.6,16.2,419.6,219.4,250.3,-99,-99,1,2024-07-31
183,184,85,1,0,1,BA,CSCER048,ABSR2402,Sim1,-99,W1832401,2024,JP_NRNP06A,43.991,144.118,30,2024001,2024108,2024115,2024174,2024215,2024215,2024,89,6454,2736,2736,0,3162,0.02,13681,22.5,0.424,1.5,-99,-99,-99,-99,-99,0,0,314,354,106,248,0,18,8,1,40,-99,78,0,14,52,74,63,0.07,-99,-99,-99,-99,-99,-99,-99,-99,0,12816,12816,0,0,110788,110785,672,0.0,29.9,25.1,61.1,-99,12.7,10.6,25.9,-99,161.4,82.7,68.4,35.1,100,20.9,10.2,17.8,16.2,419.6,215.6,257.1,-99,-99,1,2024-08-02
184,185,86,1,0,1,BA,CSCER048,ABSR2402,Sim1,-99,W1842401,2024,JP_NRNP06A,43.991,144.118,30,2024001,2024108,2024115,2024174,2024214,2024214,2024,89,6453,2736,2736,0,3162,0.02,13681,22.5,0.424,1.5,-99,-99,-99,-99,-99,0,0,304,347,104,243,0,18,4,1,40,-99,75,0,16,50,71,60,0.07,-99,-99,-99,-99,-99,-99,-99,-99,0,12818,12818,0,0,110802,110799,657,0.0,31.4,25.8,62.0,-99,13.3,10.9,26.3,-99,161.3,86.3,68.4,36.6,99,21.1,10.3,18.0,16.2,419.6,205.3,250.4,-99,-99,1,2024-08-01
185,186,87,1,0,1,BA,CSCER048,ABSR2402,Sim1,-99,W1852401,2024,JP_NRNP06A,43.991,144.118,30,2024001,2024108,2024115,2024174,2024214,2024214,2024,89,6452,2736,2736,0,3162,0.02,13681,22.5,0.424,1.5,-99,-99,-99,-99,-99,0,0,327,352,105,247,0,18,24,1,40,-99,77,0,16,51,73,62,0.069,-99,-99,-99,-99,-99,-99,-99,-99,0,12817,12817,0,0,110791,110789,668,0.0,28.2,25.3,61.7,-99,12.0,10.7,26.1,-99,161.3,83.5,68.4,35.4,99,21.2,10.4,17.7,16.2,419.6,228.9,254.9,-99,-99,1,2024-08-01
186,187,88,1,0,1,BA,CSCER048,ABSR2402,Sim1,-99,W1862401,2024,JP_NRNP06A,43.991,144.118,30,2024001,2024108,2024115,2024174,2024214,2024214,2024,89,6452,2736,2736,0,3162,0.02,13681,22.5,0.424,1.5,-99,-99,-99,-99,-99,0,0,321,353,104,249,0,18,15,1,40,-99,79,0,14,52,75,64,0.069,-99,-99,-99,-99,-99,-99,-99,-99,0,12816,12816,0,0,110779,110777,680,0.0,29.0,25.2,61.8,-99,12.3,10.7,26.2,-99,161.3,81.3,68.4,34.5,99,21.2,10.4,17.5,16.2,419.6,222.3,256.3,-99,-99,1,2024-08-01
187,188,89,1,0,1,BA,CSCER048,ABSR2402,Sim1,-99,W1872401,2024,JP_NRNP06A,43.991,144.118,30,2024001,2024108,2024115,2024174,2024214,2024214,2024,89,6455,2736,2736,0,3162,0.02,13681,22.5,0.424,1.5,-99,-99,-99,-99,-99,0,0,305,348,104,243,0,18,5,1,40,-99,75,0,16,50,71,60,0.07,-99,-99,-99,-99,-99,-99,-99,-99,0,12818,12817,0,0,110801,110799,658,0.0,31.3,25.7,61.9,-99,13.3,10.9,26.2,-99,161.4,86.4,68.4,36.6,99,21.1,10.3,17.9,16.2,419.6,206.2,250.7,-99,-99,1,2024-08-01
188,189,90,1,0,1,BA,CSCER048,ABSR2402,Sim1,-99,W1882401,2024,JP_NRNP06A,43.991,144.118,30,2024001,2024108,2024115,2024174,2024213,2024213,2024,89,6452,2736,2736,0,3162,0.02,13681,22.5,0.424,1.5,-99,-99,-99,-99,-99,0,0,319,351,104,247,0,18,16,1,40,-99,77,0,15,51,73,62,0.069,-99,-99,-99,-99,-99,-99,-99,-99,0,12817,12817,0,0,110798,110795,662,0.0,29.3,25.4,61.8,-99,12.4,10.8,26.2,-99,161.3,83.5,68.4,35.4,98,21.1,10.3,17.6,16.2,419.6,220.3,254.1,-99,-99,1,2024-07-31
189,190,91,1,0,1,BA,CSCER048,ABSR2402,Sim1,-99,W1892401,2024,JP_NRNP06A,43.991,144.118,30,2024001,2024108,2024115,2024174,2024214,2024214,2024,89,6455,2736,2736,0,3162,0.02,13681,22.5,0.424,1.5,-99,-99,-99,-99,-99,0,0,309,348,104,243,0,18,10,1,40,-99,75,0,16,50,71,60,0.07,-99,-99,-99,-99,-99,-99,-99,-99,0,12818,12818,0,0,110802,110799,657,0.0,30.6,25.7,61.9,-99,13.0,10.9,26.2,-99,161.4,86.4,68.4,36.6,99,21.1,10.3,18.0,16.2,419.6,210.8,250.8,-99,-99,1,2024-08-01
190,191,92,1,0,1,BA,CSCER048,ABSR2402,Sim1,-99,W1902401,2024,JP_NRNP06A,43.991,144.118,30,2024001,2024108,2024115,2024174,2024214,2024214,2024,89,6453,2736,2736,0,3162,0.02,13681,22.5,0.424,1.5,-99,-99,-99,-99,-99,0,0,305,348,104,244,0,18,5,1,40,-99,75,0,16,50,71,60,0.07,-99,-99,-99,-99,-99,-99,-99,-99,0,12818,12817,0,0,110802,110799,658,0.0,31.3,25.7,61.9,-99,13.3,10.9,26.2,-99,161.3,86.3,68.4,36.6,99,21.0,10.2,17.6,16.2,419.6,206.4,250.9,-99,-99,1,2024-08-01
191,192,93,1,0,1,BA,CSCER048,ABSR2402,Sim1,-99,W1912401,2024,JP_NRNP06A,43.991,144.118,30,2024001,2024108,2024115,2024174,2024214,2024214,2024,89,6454,2736,2736,0,3162,0.02,13681,22.5,0.424,1.5,-99,-99,-99,-99,-99,0,0,329,354,105,249,0,18,22,1,40,-99,78,0,15,51,74,63,0.069,-99,-99,-99,-99,-99,-99,-99,-99,0,12817,12817,0,0,110793,110790,666,0.0,28.0,25.1,61.5,-99,11.9,10.6,26.1,-99,161.3,83.0,68.4,35.2,99,21.0,10.3,17.8,16.2,419.6,230.1,257.4,-99,-99,1,2024-08-01
192,193,94,1,0,1,BA,CSCER048,ABSR2402,Sim1,-99,W1922401,2024,JP_NRNP06A,43.991,144.118,30,2024001,2024108,2024115,2024174,2024213,2024213,2024,89,6451,2736,2736,0,3162,0.02,13681,22.5,0.424,1.5,-99,-99,-99,-99,-99,0,0,306,348,104,244,0,18,6,1,40,-99,75,0,15,50,71,60,0.07,-99,-99,-99,-99,-99,-99,-99,-99,0,12818,12818,0,0,110805,110802,655,0.0,31.1,25.7,61.9,-99,13.2,10.9,26.3,-99,161.3,86.3,68.4,36.6,98,21.1,10.4,17.7,16.2,419.6,207.3,251.0,-99,-99,1,2024-07-31
193,194,95,1,0,1,BA,CSCER048,ABSR2402,Sim1,-99,W1932401,2024,JP_NRNP06A,43.991,144.118,30,2024001,2024108,2024115,2024174,2024214,2024214,2024,89,6453,2736,2736,0,3162,0.02,13681,22.5,0.424,1.5,-99,-99,-99,-99,-99,0,0,327,352,105,247,0,18,24,1,40,-99,77,0,16,51,73,62,0.069,-99,-99,-99,-99,-99,-99,-99,-99,0,12817,12817,0,0,110791,110789,668,0.0,28.2,25.3,61.7,-99,12.0,10.7,26.1,-99,161.3,83.6,68.4,35.4,99,21.1,10.4,17.7,16.2,419.6,228.9,254.8,-99,-99,1,2024-08-01
194,195,96,1,0,1,BA,CSCER048,ABSR2402,Sim1,-99,W1942401,2024,JP_NRNP06A,43.991,144.118,30,2024001,2024108,2024115,2024174,2024214,2024214,2024,89,6453,2736,2736,0,3162,0.02,13681,22.5,0.424,1.5,-99,-99,-99,-99,-99,0,0,315,349,104,245,0,18,14,1,40,-99,76,0,15,51,72,61,0.07,-99,-99,-99,-99,-99,-99,-99,-99,0,12817,12817,0,0,110797,110794,662,0.0,29.8,25.6,61.9,-99,12.6,10.9,26.2,-99,161.3,85.3,68.4,36.2,99,21.0,10.3,17.4,16.2,419.6,216.4,252.1,-99,-99,1,2024-08-01
195,196,97,1,0,1,BA,CSCER048,ABSR2402,Sim1,-99,W1952401,2024,JP_NRNP06A,43.991,144.118,30,2024001,2024108,2024115,2024174,2024214,2024214,2024,89,6454,2736,2736,0,3162,0.02,13681,22.5,0.424,1.5,-99,-99,-99,-99,-99,0,0,340,354,105,249,2,18,32,1,40,-99,81,0,13,52,77,65,0.069,-99,-99,-99,-99,-99,-99,-99,-99,0,12816,12816,0,0,110783,110781,676,0.0,26.8,25.1,61.6,-99,11.3,10.6,26.1,-99,161.3,80.0,68.4,33.9,99,21.0,10.3,17.6,16.2,419.6,241.2,257.2,-99,-99,1,2024-08-01
196,197,98,1,0,1,BA,CSCER048,ABSR2402,Sim1,-99,W1962401,2024,JP_NRNP06A,43.991,144.118,30,2024001,2024108,2024115,2024174,2024214,2024214,2024,89,6454,2736,2736,0,3162,0.02,13681,22.5,0.424,1.5,-99,-99,-99,-99,-99,0,0,337,354,105,249,0,18,31,1,40,-99,79,0,14,52,75,64,0.069,-99,-99,-99,-99,-99,-99,-99,-99,0,12816,12816,0,0,110783,110781,676,0.0,27.1,25.1,61.7,-99,11.5,10.7,26.1,-99,161.3,82.0,68.4,34.8,99,21.0,10.4,17.6,16.2,419.6,238.4,256.7,-99,-99,1,2024-08-01
197,198,99,1,0,1,BA,CSCER048,ABSR2402,Sim1,-99,W1972401,2024,JP_NRNP06A,43.991,144.118,30,2024001,2024108,2024115,2024174,2024214,2024214,2024,89,6453,2736,2736,0,3162,0.02,13681,22.5,0.424,1.5,-99,-99,-99,-99,-99,0,0,307,350,104,245,0,18,6,1,40,-99,76,0,15,51,72,61,0.07,-99,-99,-99,-99,-99,-99,-99,-99,0,12817,12817,0,0,110796,110793,664,0.0,30.9,25.6,61.8,-99,13.1,10.8,26.2,-99,161.3,85.0,68.4,36.1,99,21.1,10.3,17.6,16.2,419.6,209.0,252.6,-99,-99,1,2024-08-01
198,199,1,1,0,1,BA,CSCER048,ABSR2403,Sim1,-99,W1982401,2024,JP_NRNP06A,43.991,144.118,30,2024001,2024108,2024115,2024174,2024214,2024214,2024,89,6454,2736,2736,0,3162,0.02,13681,22.5,0.424,1.5,-99,-99,-99,-99,-99,0,0,360,352,105,248,5,18,51,1,40,-99,78,0,15,51,74,62,0.069,-99,-99,-99,-99,-99,-99,-99,-99,0,12817,12816,0,0,110790,110787,669,0.0,24.6,25.3,61.7,-99,10.4,10.7,26.1,-99,161.3,83.2,68.4,35.3,99,21.1,10.4,17.7,16.2,419.6,261.9,255.2,-99,-99,1,2024-08-01
199,200,2,1,0,1,BA,CSCER048,ABSR2403,Sim1,-99,W1992401,2024,JP_NRNP06A,43.991,144.118,30,2024001,2024108,2024115,2024174,2024214,2024214,2024,89,6453,2736,2736,0,3162,0.02,13681,22.5,0.424,1.5,-99,-99,-99,-99,-99,0,0,326,354,105,248,0,18,21,1,40,-99,78,0,14,52,74,63,0.07,-99,-99,-99,-99,-99,-99,-99,-99,0,12816,12816,0,0,110786,110783,673,0.0,28.3,25.2,61.4,-99,12.0,10.7,26.0,-99,161.3,83.1,68.4,35.2,99,21.2,10.4,17.8,16.2,419.6,227.8,256.6,-99,-99,1,2024-08-01
200,201,3,1,0,1,BA,CSCER048,ABSR2403,Sim1,-99,W2002401,2024,JP_NRNP06A,43.991,144.118,30,2024001,2024108,2024115,2024174,2024214,2024214,2024,89,6453,2736,2736,0,3162,0.02,13681,22.5,0.424,1.5,-99,-99,-99,-99,-99,0,0,338,353,105,249,0,18,33,1,40,-99,80,0,14,52,75,64,0.069,-99,-99,-99,-99,-99,-99,-99,-99,0,12816,12816,0,0,110782,110780,677,0.0,26.9,25.2,61.7,-99,11.4,10.7,26.2,-99,161.3,81.2,68.4,34.4,99,21.1,10.4,17.5,16.2,419.6,239.7,256.2,-99,-99,1,2024-08-01
201,202,4,1,0,1,BA,CSCER048,ABSR2403,Sim1,-99,W2012401,2024,JP_NRNP06A,43.991,144.118,30,2024001,2024108,2024115,2024174,2024213,2024213,2024,89,6452,2736,2736,0,3162,0.02,13681,22.5,0.424,1.5,-99,-99,-99,-99,-99,0,0,304,346,104,242,0,18,6,1,40,-99,75,0,16,50,70,59,0.07,-99,-99,-99,-99,-99,-99,-99,-99,0,12818,12818,0,0,110804,110802,655,0.0,31.4,25.9,62.1,-99,13.3,11.0,26.4,-99,161.3,86.5,68.4,36.7,98,21.1,10.3,17.8,16.2,419.6,205.3,249.3,-99,-99,1,2024-07-31
202,203,5,1,0,1,BA,CSCER048,ABSR2403,Sim1,-99,W2022401,2024,JP_NRNP06A,43.991,144.118,30,2024001,2024108,2024115,2024174,2024214,2024214,2024,89,6453,2736,2736,0,3162,0.02,13681,22.5,0.424,1.5,-99,-99,-99,-99,-99,0,0,355,351,104,247,3,18,49,1,40,-99,78,0,14,52,74,63,0.069,-99,-99,-99,-99,-99,-99,-99,-99,0,12816,12816,0,0,110786,110783,674,0.0,25.2,25.4,61.8,-99,10.7,10.8,26.2,-99,161.3,82.4,68.4,34.9,99,21.0,10.4,17.5,16.2,419.6,256.2,254.1,-99,-99,1,2024-08-01
203,204,6,1,0,1,BA,CSCER048,ABSR2403,Sim1,-99,W2032401,2024,JP_NRNP06A,43.991,144.118,30,2024001,2024108,2024115,2024174,2024214,2024214,2024,89,6454,2735,2735,0,3161,0.02,13681,22.5,0.424,1.5,-99,-99,-99,-99,-99,0,0,310,348,104,244,0,18,10,1,40,-99,75,0,15,50,71,60,0.07,-99,-99,-99,-99,-99,-99,-99,-99,0,12818,12818,0,0,110803,110801,656,0.0,30.6,25.7,61.9,-99,13.0,10.9,26.2,-99,161.4,86.4,68.4,36.6,99,20.9,10.2,17.9,16.2,419.6,211.2,251.0,-99,-99,1,2024-08-01
204,205,7,1,0,1,BA,CSCER048,ABSR2403,Sim1,-99,W2042401,2024,JP_NRNP06A,43.991,144.118,30,2024001,2024108,2024115,2024174,2024214,2024214,2024,89,6453,2736,2736,0,3162,0.02,13681,22.5,0.424,1.5,-99,-99,-99,-99,-99,0,0,315,353,105,248,0,18,10,1,40,-99,78,0,14,52,74,63,0.07,-99,-99,-99,-99,-99,-99,-99,-99,0,12816,12816,0,0,110785,110782,675,0.0,29.7,25.2,61.3,-99,12.6,10.7,26.0,-99,161.3,82.4,68.4,34.9,99,21.1,10.4,17.8,16.2,419.6,217.0,256.0,-99,-99,1,2024-08-01
205,206,8,1,0,1,BA,CSCER048,ABSR2403,Sim1,-99,W2052401,2024,JP_NRNP06A,43.991,144.118,30,2024001,2024108,2024115,2024174,2024214,2024214,2024,89,6454,2736,2736,0,3162,0.02,13681,22.5,0.424,1.5,-99,-99,-99,-99,-99,0,0,320,353,105,248,0,18,14,1,40,-99,79,0,14,52,75,64,0.069,-99,-99,-99,-99,-99,-99,-99,-99,0,12816,12816,0,0,110785,110783,674,0.0,29.2,25.2,61.5,-99,12.4,10.7,26.1,-99,161.3,81.9,68.4,34.7,99,21.0,10.2,17.7,16.2,419.6,221.1,256.4,-99,-99,1,2024-08-01
206,207,9,1,0,1,BA,CSCER048,ABSR2403,Sim1,-99,W2062401,2024,JP_NRNP06A,43.991,144.118,30,2024001,2024108,2024115,2024174,2024214,2024214,2024,89,6453,2736,2736,0,3162,0.02,13681,22.5,0.424,1.5,-99,-99,-99,-99,-99,0,0,307,350,104,245,0,18,6,1,40,-99,76,0,15,51,72,61,0.07,-99,-99,-99,-99,-99,-99,-99,-99,0,12817,12817,0,0,110796,110793,664,0.0,30.9,25.6,61.8,-99,13.1,10.8,26.2,-99,161.3,85.0,68.4,36.1,99,21.1,10.3,17.6,16.2,419.6,209.0,252.6,-99,-99,1,2024-08-01
207,208,10,1,0,1,BA,CSCER048,ABSR2403,Sim1,-99,W2072401,2024,JP_NRNP06A,43.991,144.118,30,2024001,2024108,2024115,2024174,2024214,2024214,2024,89,6454,2736,2736,0,3162,0.02,13681,22.5,0.424,1.5,-99,-99,-99,-99,-99,0,0,354,351,105,246,4,18,47,1,40,-99,76,0,16,51,72,61,0.07,-99,-99,-99,-99,-99,-99,-99,-99,0,12817,12817,0,0,110795,110792,664,0.0,25.2,25.4,61.7,-99,10.7,10.8,26.1,-99,161.3,84.4,68.4,35.8,99,21.1,10.4,17.8,16.2,419.6,255.7,254.1,-99,-99,1,2024-08-01
208,209,11,1,0,1,BA,CSCER048,ABSR2403,Sim1,-99,W2082401,2024,JP_NRNP06A,43.991,144.118,30,2024001,2024108,2024115,2024174,2024214,2024214,2024,89,6454,2736,2736,0,3162,0.02,13681,22.5,0.424,1.5,-99,-99,-99,-99,-99,0,0,312,352,105,247,0,18,8,1,40,-99,76,0,16,51,72,61,0.07,-99,-99,-99,-99,-99,-99,-99,-99,0,12817,12817,0,0,110797,110794,663,0.0,30.3,25.3,61.6,-99,12.8,10.7,26.1,-99,161.3,84.8,68.4,35.9,99,21.1,10.3,17.8,16.2,419.6,213.2,255.0,-99,-99,1,2024-08-01
209,210,12,1,0,1,BA,CSCER048,ABSR2403,Sim1,-99,W2092401,2024,JP_NRNP06A,43.991,144.118,30,2024001,2024108,2024115,2024174,2024213,2024213,2024,89,6453,2736,2736,0,3162,0.02,13681,22.5,0.424,1.5,-99,-99,-99,-99,-99,0,0,314,350,105,245,0,18,12,1,40,-99,77,0,14,51,73,62,0.069,-99,-99,-99,-99,-99,-99,-99,-99,0,12817,12817,0,0,110795,110792,664,0.0,29.9,25.5,61.7,-99,12.7,10.8,26.1,-99,161.3,83.5,68.4,35.4,98,21.1,10.4,17.7,16.2,419.6,215.7,253.1,-99,-99,1,2024-07-31
210,211,13,1,0,1,BA,CSCER048,ABSR2403,Sim1,-99,W2102401,2024,JP_NRNP06A,43.991,144.118,30,2024001,2024108,2024115,2024174,2024213,2024213,2024,89,6453,2736,2736,0,3162,0.02,13681,22.5,0.424,1.5,-99,-99,-99,-99,-99,0,0,323,349,105,245,0,18,21,1,40,-99,76,0,16,50,72,61,0.069,-99,-99,-99,-99,-99,-99,-99,-99,0,12818,12817,0,0,110801,110798,658,0.0,28.8,25.6,61.7,-99,12.2,10.8,26.2,-99,161.3,84.8,68.4,36.0,98,21.1,10.4,17.7,16.2,419.6,224.3,252.5,-99,-99,1,2024-07-31
211,212,14,1,0,1,BA,CSCER048,ABSR2403,Sim1,-99,W2112401,2024,JP_NRNP06A,43.991,144.118,30,2024001,2024108,2024115,2024174,2024214,2024214,2024,89,6454,2736,2736,0,3162,0.02,13681,22.5,0.424,1.5,-99,-99,-99,-99,-99,0,0,307,349,105,244,0,18,6,1,40,-99,75,0,15,51,71,60,0.07,-99,-99,-99,-99,-99,-99,-99,-99,0,12817,12817,0,0,110799,110796,661,0.0,31.0,25.7,61.8,-99,13.1,10.9,26.2,-99,161.3,85.8,68.4,36.4,99,21.1,10.3,17.7,16.2,419.6,208.3,251.5,-99,-99,1,2024-08-01
212,213,15,1,0,1,BA,CSCER048,ABSR2403,Sim1,-99,W2122401,2024,JP_NRNP06A,43.991,144.118,30,2024001,2024108,2024115,2024174,2024213,2024213,2024,89,6453,2736,2736,0,3162,0.02,13681,22.5,0.424,1.5,-99,-99,-99,-99,-99,0,0,333,350,104,245,0,18,32,1,40,-99,76,0,16,51,72,61,0.069,-99,-99,-99,-99,-99,-99,-99,-99,0,12817,12817,0,0,110800,110797,660,0.0,27.5,25.5,61.8,-99,11.6,10.8,26.2,-99,161.3,84.6,68.4,35.9,98,21.1,10.4,17.7,16.2,419.6,235.0,252.8,-99,-99,1,2024-07-31
213,214,16,1,0,1,BA,CSCER048,ABSR2403,Sim1,-99,W2132401,2024,JP_NRNP06A,43.991,144.118,30,2024001,2024108,2024115,2024174,2024213,2024213,2024,89,6453,2736,2736,0,3162,0.02,13681,22.5,0.424,1.5,-99,-99,-99,-99,-99,0,0,324,353,105,248,1,18,19,1,40,-99,78,0,14,51,74,63,0.069,-99,-99,-99,-99,-99,-99,-99,-99,0,12817,12817,0,0,110791,110788,668,0.0,28.6,25.2,61.5,-99,12.1,10.7,26.1,-99,161.3,82.5,68.4,35.0,98,21.1,10.3,17.8,16.2,419.6,225.9,255.7,-99,-99,1,2024-07-31
214,215,17,1,0,1,BA,CSCER048,ABSR2403,Sim1,-99,W2142401,2024,JP_NRNP06A,43.991,144.118,30,2024001,2024108,2024115,2024174,2024213,2024213,2024,89,6454,2736,2736,0,3162,0.02,13681,22.5,0.424,1.5,-99,-99,-99,-99,-99,0,0,322,353,105,248,0,18,17,1,40,-99,78,0,14,51,74,63,0.069,-99,-99,-99,-99,-99,-99,-99,-99,0,12817,12817,0,0,110791,110788,668,0.0,28.9,25.2,61.7,-99,12.3,10.7,26.1,-99,161.3,82.5,68.4,35.0,98,21.1,10.3,17.7,16.2,419.6,223.1,256.1,-99,-99,1,2024-07-31
215,216,18,1,0,1,BA,CSCER048,ABSR2403,Sim1,-99,W2152401,2024,JP_NRNP06A,43.991,144.118,30,2024001,2024108,2024115,2024174,2024213,2024213,2024,89,6453,2736,2736,0,3162,0.02,13681,22.5,0.424,1.5,-99,-99,-99,-99,-99,0,0,334,351,105,246,2,18,30,1,40,-99,76,0,16,51,72,61,0.069,-99,-99,-99,-99,-99,-99,-99,-99,0,12817,12817,0,0,110800,110797,659,0.0,27.4,25.4,61.7,-99,11.6,10.8,26.1,-99,161.3,84.5,68.4,35.9,98,21.1,10.3,17.7,16.2,419.6,235.5,253.6,-99,-99,1,2024-07-31
216,217,19,1,0,1,BA,CSCER048,ABSR2403,Sim1,-99,W2162401,2024,JP_NRNP06A,43.991,144.118,30,2024001,2024108,2024115,2024174,2024214,2024214,2024,89,6453,2736,2736,0,3162,0.02,13681,22.5,0.424,1.5,-99,-99,-99,-99,-99,0,0,320,354,105,249,0,18,13,1,40,-99,78,0,16,51,74,62,0.07,-99,-99,-99,-99,-99,-99,-99,-99,0,12817,12817,0,0,110792,110789,668,0.0,29.2,25.1,61.5,-99,12.4,10.6,26.1,-99,161.3,83.1,68.4,35.3,99,21.1,10.4,17.8,16.2,419.6,221.2,257.3,-99,-99,1,2024-08-01
217,218,20,1,0,1,BA,CSCER048,ABSR2403,Sim1,-99,W2172401,2024,JP_NRNP06A,43.991,144.118,30,2024001,2024108,2024115,2024174,2024214,2024214,2024,89,6453,2736,2736,0,3162,0.02,13681,22.5,0.424,1.5,-99,-99,-99,-99,-99,0,0,313,351,105,246,0,18,10,1,40,-99,76,0,16,51,72,61,0.07,-99,-99,-99,-99,-99,-99,-99,-99,0,12817,12817,0,0,110800,110797,660,0.0,30.1,25.4,61.7,-99,12.8,10.8,26.2,-99,161.3,84.9,68.4,36.0,99,21.0,10.2,17.8,16.2,419.6,214.2,254.0,-99,-99,1,2024-08-01
218,219,21,1,0,1,BA,CSCER048,ABSR2403,Sim1,-99,W2182401,2024,JP_NRNP06A,43.991,144.118,30,2024001,2024108,2024115,2024174,2024213,2024213,2024,89,6452,2736,2736,0,3162,0.02,13681,22.5,0.424,1.5,-99,-99,-99,-99,-99,0,0,344,354,105,249,4,18,35,1,40,-99,80,0,13,51,76,65,0.069,-99,-99,-99,-99,-99,-99,-99,-99,0,12817,12817,0,0,110791,110789,668,0.0,26.2,25.1,61.6,-99,11.1,10.7,26.1,-99,161.3,80.4,68.4,34.1,98,21.1,10.4,17.8,16.2,419.6,245.9,256.8,-99,-99,1,2024-07-31
219,220,22,1,0,1,BA,CSCER048,ABSR2403,Sim1,-99,W2192401,2024,JP_NRNP06A,43.991,144.118,30,2024001,2024108,2024115,2024174,2024214,2024214,2024,89,6456,2736,2736,0,3162,0.02,13681,22.5,0.424,1.5,-99,-99,-99,-99,-99,0,0,320,352,104,248,0,18,16,1,40,-99,79,0,14,52,75,64,0.069,-99,-99,-99,-99,-99,-99,-99,-99,0,12816,12816,0,0,110780,110777,680,0.0,29.1,25.3,61.8,-99,12.3,10.7,26.2,-99,161.4,81.7,68.4,34.6,99,21.2,10.4,17.5,16.2,419.6,221.7,255.5,-99,-99,1,2024-08-01
220,221,23,1,0,1,BA,CSCER048,ABSR2403,Sim1,-99,W2202401,2024,JP_NRNP06A,43.991,144.118,30,2024001,2024108,2024115,2024174,2024214,2024214,2024,89,6454,2736,2736,0,3162,0.02,13681,22.5,0.424,1.5,-99,-99,-99,-99,-99,0,0,306,348,104,244,0,18,6,1,40,-99,75,0,16,51,71,60,0.07,-99,-99,-99,-99,-99,-99,-99,-99,0,12817,12817,0,0,110800,110798,659,0.0,31.1,25.7,61.8,-99,13.2,10.9,26.2,-99,161.4,86.4,68.4,36.6,99,21.1,10.4,17.6,16.2,419.6,207.4,251.0,-99,-99,1,2024-08-01
221,222,24,1,0,1,BA,CSCER048,ABSR2403,Sim1,-99,W2212401,2024,JP_NRNP06A,43.991,144.118,30,2024001,2024108,2024115,2024174,2024214,2024214,2024,89,6453,2736,2736,0,3162,0.02,13681,22.5,0.424,1.5,-99,-99,-99,-99,-99,0,0,349,359,105,254,6,18,32,1,40,-99,80,0,14,52,75,64,0.069,-99,-99,-99,-99,-99,-99,-99,-99,0,12816,12816,0,0,110787,110785,672,0.0,25.8,24.6,61.3,-99,10.9,10.4,26.0,-99,161.3,81.2,68.4,34.4,99,21.2,10.4,17.9,16.2,419.6,250.1,261.9,-99,-99,1,2024-08-01
222,223,25,1,0,1,BA,CSCER048,ABSR2403,Sim1,-99,W2222401,2024,JP_NRNP06A,43.991,144.118,30,2024001,2024108,2024115,2024174,2024214,2024214,2024,89,6453,2736,2736,0,3162,0.02,13681,22.5,0.424,1.5,-99,-99,-99,-99,-99,0,0,321,353,105,248,0,18,16,1,40,-99,79,0,14,52,75,64,0.069,-99,-99,-99,-99,-99,-99,-99,-99,0,12816,12816,0,0,110784,110782,675,0.0,29.0,25.2,61.7,-99,12.3,10.7,26.2,-99,161.3,81.9,68.4,34.7,99,21.0,10.3,17.5,16.2,419.6,222.7,255.7,-99,-99,1,2024-08-01
223,224,26,1,0,1,BA,CSCER048,ABSR2403,Sim1,-99,W2232401,2024,JP_NRNP06A,43.991,144.118,30,2024001,2024108,2024115,2024174,2024213,2024213,2024,89,6450,2736,2736,0,3162,0.02,13681,22.5,0.424,1.5,-99,-99,-99,-99,-99,0,0,316,351,104,246,0,18,14,1,40,-99,78,0,14,51,74,63,0.069,-99,-99,-99,-99,-99,-99,-99,-99,0,12817,12816,0,0,110789,110787,670,0.0,29.6,25.4,61.9,-99,12.6,10.8,26.3,-99,161.3,82.5,68.4,35.0,98,21.2,10.4,17.6,16.2,419.6,217.7,253.6,-99,-99,1,2024-07-31
224,225,27,1,0,1,BA,CSCER048,ABSR2403,Sim1,-99,W2242401,2024,JP_NRNP06A,43.991,144.118,30,2024001,2024108,2024115,2024174,2024214,2024214,2024,89,6454,2736,2736,0,3162,0.02,13681,22.5,0.424,1.5,-99,-99,-99,-99,-99,0,0,321,354,105,249,0,18,14,1,40,-99,78,0,14,52,74,63,0.069,-99,-99,-99,-99,-99,-99,-99,-99,0,12816,12816,0,0,110787,110785,672,0.0,29.0,25.1,61.4,-99,12.3,10.6,26.0,-99,161.3,82.4,68.4,35.0,99,21.1,10.4,17.7,16.2,419.6,222.2,257.5,-99,-99,1,2024-08-01
225,226,28,1,0,1,BA,CSCER048,ABSR2403,Sim1,-99,W2252401,2024,JP_NRNP06A,43.991,144.118,30,2024001,2024108,2024115,2024174,2024214,2024214,2024,89,6454,2736,2736,0,3162,0.02,13681,22.5,0.424,1.5,-99,-99,-99,-99,-99,0,0,316,353,105,248,0,18,11,1,40,-99,79,0,14,52,75,64,0.07,-99,-99,-99,-99,-99,-99,-99,-99,0,12816,12816,0,0,110785,110782,674,0.0,29.6,25.2,61.4,-99,12.6,10.7,26.0,-99,161.3,82.1,68.4,34.8,99,21.1,10.4,17.7,16.2,419.6,218.0,256.1,-99,-99,1,2024-08-01
226,227,29,1,0,1,BA,CSCER048,ABSR2403,Sim1,-99,W2262401,2024,JP_NRNP06A,43.991,144.118,30,2024001,2024108,2024115,2024174,2024213,2024213,2024,89,6451,2736,2736,0,3162,0.02,13681,22.5,0.424,1.5,-99,-99,-99,-99,-99,0,0,321,354,105,249,0,18,15,1,40,-99,78,0,15,51,74,63,0.069,-99,-99,-99,-99,-99,-99,-99,-99,0,12817,12817,0,0,110791,110788,668,0.0,29.0,25.1,61.6,-99,12.3,10.7,26.1,-99,161.3,82.8,68.4,35.1,98,21.2,10.4,17.7,16.2,419.6,222.4,256.6,-99,-99,1,2024-07-31
227,228,30,1,0,1,BA,CSCER048,ABSR2403,Sim1,-99,W2272401,2024,JP_NRNP06A,43.991,144.118,30,2024001,2024108,2024115,2024174,2024214,2024214,2024,89,6453,2736,2736,0,3162,0.02,13681,22.5,0.424,1.5,-99,-99,-99,-99,-99,0,0,307,350,104,245,0,18,6,1,40,-99,76,0,15,51,72,61,0.07,-99,-99,-99,-99,-99,-99,-99,-99,0,12817,12817,0,0,110796,110793,664,0.0,30.9,25.5,61.8,-99,13.1,10.8,26.2,-99,161.3,85.0,68.4,36.1,99,21.1,10.3,17.6,16.2,419.6,209.0,252.6,-99,-99,1,2024-08-01
228,229,31,1,0,1,BA,CSCER048,ABSR2403,Sim1,-99,W2282401,2024,JP_NRNP06A,43.991,144.118,30,2024001,2024108,2024115,2024174,2024214,2024214,2024,89,6453,2736,2736,0,3162,0.02,13681,22.5,0.424,1.5,-99,-99,-99,-99,-99,0,0,341,352,104,248,1,18,36,1,40,-99,79,0,14,52,75,64,0.069,-99,-99,-99,-99,-99,-99,-99,-99,0,12816,12816,0,0,110782,110780,677,0.0,26.6,25.3,61.9,-99,11.3,10.7,26.2,-99,161.3,81.5,68.4,34.6,99,21.1,10.4,17.4,16.2,419.6,242.2,254.8,-99,-99,1,2024-08-01
229,230,32,1,0,1,BA,CSCER048,ABSR2403,Sim1,-99,W2292401,2024,JP_NRNP06A,43.991,144.118,30,2024001,2024108,2024115,2024174,2024213,2024213,2024,89,6453,2736,2736,0,3162,0.02,13681,22.5,0.424,1.5,-99,-99,-99,-99,-99,0,0,304,347,104,242,0,18,6,1,40,-99,74,0,16,50,70,59,0.07,-99,-99,-99,-99,-99,-99,-99,-99,0,12818,12818,0,0,110805,110802,654,0.0,31.3,25.9,62.0,-99,13.3,11.0,26.3,-99,161.3,86.6,68.4,36.7,98,21.1,10.3,17.8,16.2,419.6,205.9,249.6,-99,-99,1,2024-07-31
230,231,33,1,0,1,BA,CSCER048,ABSR2403,Sim1,-99,W2302401,2024,JP_NRNP06A,43.991,144.118,30,2024001,2024108,2024115,2024174,2024214,2024214,2024,89,6454,2736,2736,0,3162,0.02,13681,22.5,0.424,1.5,-99,-99,-99,-99,-99,0,0,322,353,105,248,0,18,17,1,40,-99,78,0,15,51,74,63,0.07,-99,-99,-99,-99,-99,-99,-99,-99,0,12817,12816,0,0,110789,110787,670,0.0,28.9,25.2,61.6,-99,12.2,10.7,26.1,-99,161.3,82.9,68.4,35.2,99,21.2,10.4,17.6,16.2,419.6,223.4,256.1,-99,-99,1,2024-08-01
231,232,34,1,0,1,BA,CSCER048,ABSR2403,Sim1,-99,W2312401,2024,JP_NRNP06A,43.991,144.118,30,2024001,2024108,2024115,2024174,2024214,2024214,2024,89,6454,2736,2736,0,3162,0.02,13681,22.5,0.424,1.5,-99,-99,-99,-99,-99,0,0,343,357,105,251,1,18,34,1,40,-99,80,0,13,52,76,65,0.069,-99,-99,-99,-99,-99,-99,-99,-99,0,12816,12816,0,0,110782,110780,677,0.0,26.4,24.9,61.4,-99,11.2,10.5,26.0,-99,161.4,80.3,68.4,34.0,99,21.1,10.4,17.8,16.2,419.6,244.7,259.6,-99,-99,1,2024-08-01
232,233,35,1,0,1,BA,CSCER048,ABSR2403,Sim1,-99,W2322401,2024,JP_NRNP06A,43.991,144.118,30,2024001,2024108,2024115,2024174,2024214,2024214,2024,89,6455,2736,2736,0,3162,0.02,13681,22.5,0.424,1.5,-99,-99,-99,-99,-99,0,0,326,352,105,247,0,18,22,1,40,-99,77,0,15,51,73,62,0.069,-99,-99,-99,-99,-99,-99,-99,-99,0,12817,12817,0,0,110794,110791,666,0.0,28.4,25.3,61.6,-99,12.0,10.7,26.1,-99,161.4,83.7,68.4,35.5,99,21.0,10.3,17.9,16.2,419.6,227.5,255.1,-99,-99,1,2024-08-01
233,234,36,1,0,1,BA,CSCER048,ABSR2403,Sim1,-99,W2332401,2024,JP_NRNP06A,43.991,144.118,30,2024001,2024108,2024115,2024174,2024214,2024214,2024,89,6454,2736,2736,0,3162,0.02,13681,22.5,0.424,1.5,-99,-99,-99,-99,-99,0,0,340,353,105,248,1,18,34,1,40,-99,78,0,15,51,74,63,0.069,-99,-99,-99,-99,-99,-99,-99,-99,0,12817,12817,0,0,110791,110788,668,0.0,26.7,25.2,61.5,-99,11.3,10.7,26.1,-99,161.4,82.8,68.4,35.1,99,21.1,10.3,17.7,16.2,419.6,241.9,256.5,-99,-99,1,2024-08-01
234,235,37,1,0,1,BA,CSCER048,ABSR2403,Sim1,-99,W2342401,2024,JP_NRNP06A,43.991,144.118,30,2024001,2024108,2024115,2024174,2024214,2024214,2024,89,6454,2736,2736,0,3162,0.02,13681,22.5,0.424,1.5,-99,-99,-99,-99,-99,0,0,326,351,105,246,0,18,23,1,40,-99,78,0,15,51,74,63,0.069,-99,-99,-99,-99,-99,-99,-99,-99,0,12817,12816,0,0,110790,110787,669,0.0,28.3,25.4,61.7,-99,12.0,10.8,26.1,-99,161.3,82.8,68.4,35.1,99,21.1,10.3,17.5,16.2,419.6,227.9,254.1,-99,-99,1,2024-08-01
235,236,38,1,0,1,BA,CSCER048,ABSR2403,Sim1,-99,W2352401,2024,JP_NRNP06A,43.991,144.118,30,2024001,2024108,2024115,2024174,2024213,2024213,2024,89,6452,2736,2736,0,3162,0.02,13681,22.5,0.424,1.5,-99,-99,-99,-99,-99,0,0,306,346,104,242,0,18,7,1,40,-99,74,0,16,50,70,59,0.07,-99,-99,-99,-99,-99,-99,-99,-99,0,12818,12818,0,0,110805,110803,654,0.0,31.1,25.9,62.0,-99,13.2,11.0,26.3,-99,161.3,86.6,68.4,36.7,98,21.2,10.3,18.0,16.2,419.6,207.4,249.5,-99,-99,1,2024-07-31
236,237,39,1,0,1,BA,CSCER048,ABSR2403,Sim1,-99,W2362401,2024,JP_NRNP06A,43.991,144.118,30,2024001,2024108,2024115,2024174,2024214,2024214,2024,89,6453,2736,2736,0,3162,0.02,13681,22.5,0.424,1.5,-99,-99,-99,-99,-99,0,0,317,353,105,248,0,18,13,1,40,-99,77,0,14,51,73,62,0.07,-99,-99,-99,-99,-99,-99,-99,-99,0,12817,12817,0,0,110791,110788,669,0.0,29.5,25.2,61.3,-99,12.5,10.7,26.0,-99,161.3,83.5,68.4,35.4,99,21.1,10.4,17.8,16.2,419.6,218.9,255.8,-99,-99,1,2024-08-01
237,238,40,1,0,1,BA,CSCER048,ABSR2403,Sim1,-99,W2372401,2024,JP_NRNP06A,43.991,144.118,30,2024001,2024108,2024115,2024174,2024214,2024214,2024,89,6453,2736,2736,0,3162,0.02,13681,22.5,0.424,1.5,-99,-99,-99,-99,-99,0,0,309,349,105,244,0,18,8,1,40,-99,76,0,15,51,72,61,0.07,-99,-99,-99,-99,-99,-99,-99,-99,0,12817,12817,0,0,110796,110793,664,0.0,30.6,25.6,61.5,-99,13.0,10.8,26.1,-99,161.3,85.2,68.4,36.1,99,21.2,10.4,17.7,16.2,419.6,210.9,252.3,-99,-99,1,2024-08-01
238,239,41,1,0,1,BA,CSCER048,ABSR2403,Sim1,-99,W2382401,2024,JP_NRNP06A,43.991,144.118,30,2024001,2024108,2024115,2024174,2024213,2024213,2024,89,6452,2736,2736,0,3162,0.02,13681,22.5,0.424,1.5,-99,-99,-99,-99,-99,0,0,304,346,104,242,0,18,5,1,40,-99,74,0,16,50,70,59,0.07,-99,-99,-99,-99,-99,-99,-99,-99,0,12818,12818,0,0,110806,110803,654,0.0,31.4,25.9,62.0,-99,13.3,11.0,26.3,-99,161.3,86.7,68.4,36.7,98,21.2,10.4,17.9,16.2,419.6,205.3,249.5,-99,-99,1,2024-07-31
239,240,42,1,0,1,BA,CSCER048,ABSR2403,Sim1,-99,W2392401,2024,JP_NRNP06A,43.991,144.118,30,2024001,2024108,2024115,2024174,2024214,2024214,2024,89,6453,2736,2736,0,3162,0.02,13681,22.5,0.424,1.5,-99,-99,-99,-99,-99,0,0,350,353,105,248,6,18,40,1,40,-99,79,0,14,52,75,64,0.069,-99,-99,-99,-99,-99,-99,-99,-99,0,12816,12816,0,0,110788,110786,671,0.0,25.6,25.2,61.5,-99,10.9,10.7,26.1,-99,161.3,81.3,68.4,34.5,99,21.1,10.4,17.7,16.2,419.6,252.0,255.9,-99,-99,1,2024-08-01
240,241,43,1,0,1,BA,CSCER048,ABSR2403,Sim1,-99,W2402401,2024,JP_NRNP06A,43.991,144.118,30,2024001,2024108,2024115,2024174,2024214,2024214,2024,89,6454,2736,2736,0,3162,0.02,13681,22.5,0.424,1.5,-99,-99,-99,-99,-99,0,0,319,352,105,247,0,18,15,1,40,-99,78,0,15,51,74,63,0.069,-99,-99,-99,-99,-99,-99,-99,-99,0,12817,12817,0,0,110791,110788,669,0.0,29.3,25.3,61.7,-99,12.4,10.7,26.2,-99,161.3,82.6,68.4,35.0,99,21.0,10.3,17.6,16.2,419.6,220.4,255.1,-99,-99,1,2024-08-01
241,242,44,1,0,1,BA,CSCER048,ABSR2403,Sim1,-99,W2412401,2024,JP_NRNP06A,43.991,144.118,30,2024001,2024108,2024115,2024174,2024214,2024214,2024,89,6453,2736,2736,0,3162,0.02,13681,22.5,0.424,1.5,-99,-99,-99,-99,-99,0,0,315,353,105,248,0,18,10,1,40,-99,78,0,14,52,74,63,0.069,-99,-99,-99,-99,-99,-99,-99,-99,0,12816,12816,0,0,110788,110785,671,0.0,29.8,25.3,61.6,-99,12.6,10.7,26.1,-99,161.3,82.3,68.4,34.9,99,20.9,10.2,17.6,16.2,419.6,216.5,255.6,-99,-99,1,2024-08-01
242,243,45,1,0,1,BA,CSCER048,ABSR2403,Sim1,-99,W2422401,2024,JP_NRNP06A,43.991,144.118,30,2024001,2024108,2024115,2024174,2024213,2024213,2024,89,6451,2736,2736,0,3162,0.02,13681,22.5,0.424,1.5,-99,-99,-99,-99,-99,0,0,304,346,104,242,0,18,5,1,40,-99,74,0,16,50,70,59,0.07,-99,-99,-99,-99,-99,-99,-99,-99,0,12818,12818,0,0,110805,110802,654,0.0,31.4,25.9,62.0,-99,13.3,11.0,26.3,-99,161.3,86.6,68.4,36.7,98,21.2,10.4,17.9,16.2,419.6,205.3,249.4,-99,-99,1,2024-07-31
243,244,46,1,0,1,BA,CSCER048,ABSR2403,Sim1,-99,W2432401,2024,JP_NRNP06A,43.991,144.118,30,2024001,2024108,2024115,2024174,2024214,2024214,2024,89,6455,2736,2736,0,3162,0.02,13681,22.5,0.424,1.5,-99,-99,-99,-99,-99,0,0,352,352,104,248,1,18,47,1,40,-99,79,0,14,52,75,64,0.069,-99,-99,-99,-99,-99,-99,-99,-99,0,12816,12816,0,0,110782,110779,678,0.0,25.4,25.3,61.9,-99,10.8,10.7,26.2,-99,161.4,81.2,68.4,34.4,99,21.1,10.4,17.5,16.2,419.6,254.0,255.3,-99,-99,1,2024-08-01
244,245,47,1,0,1,BA,CSCER048,ABSR2403,Sim1,-99,W2442401,2024,JP_NRNP06A,43.991,144.118,30,2024001,2024108,2024115,2024174,2024214,2024214,2024,89,6455,2736,2736,0,3162,0.02,13681,22.5,0.424,1.5,-99,-99,-99,-99,-99,0,0,313,350,104,245,0,18,11,1,40,-99,76,0,16,51,72,61,0.07,-99,-99,-99,-99,-99,-99,-99,-99,0,12817,12817,0,0,110799,110796,661,0.0,30.1,25.5,61.8,-99,12.8,10.8,26.2,-99,161.4,84.9,68.4,36.0,99,21.0,10.3,17.9,16.2,419.6,214.5,253.0,-99,-99,1,2024-08-01
245,246,48,1,0,1,BA,CSCER048,ABSR2403,Sim1,-99,W2452401,2024,JP_NRNP06A,43.991,144.118,30,2024001,2024108,2024115,2024174,2024214,2024214,2024,89,6453,2736,2736,0,3162,0.02,13681,22.5,0.424,1.5,-99,-99,-99,-99,-99,0,0,326,349,104,245,0,18,25,1,40,-99,77,0,16,51,73,61,0.07,-99,-99,-99,-99,-99,-99,-99,-99,0,12817,12817,0,0,110796,110794,663,0.0,28.3,25.6,62.0,-99,12.0,10.9,26.3,-99,161.3,84.2,68.4,35.7,99,21.1,10.3,17.5,16.2,419.6,228.0,252.2,-99,-99,1,2024-08-01
246,247,49,1,0,1,BA,CSCER048,ABSR2403,Sim1,-99,W2462401,2024,JP_NRNP06A,43.991,144.118,30,2024001,2024108,2024115,2024174,2024213,2024213,2024,89,6452,2736,2736,0,3162,0.02,13681,22.5,0.424,1.5,-99,-99,-99,-99,-99,0,0,354,352,105,248,3,18,47,1,40,-99,79,0,14,51,75,64,0.069,-99,-99,-99,-99,-99,-99,-99,-99,0,12817,12817,0,0,110793,110790,667,0.0,25.2,25.3,61.7,-99,10.7,10.7,26.2,-99,161.3,81.6,68.4,34.6,98,21.1,10.4,17.7,16.2,419.6,255.6,255.4,-99,-99,1,2024-07-31
247,248,50,1,0,1,BA,CSCER048,ABSR2403,Sim1,-99,W2472401,2024,JP_NRNP06A,43.991,144.118,30,2024001,2024108,2024115,2024174,2024214,2024214,2024,89,6454,2736,2736,0,3162,0.02,13681,22.5,0.424,1.5,-99,-99,-99,-99,-99,0,0,323,353,105,248,0,18,17,1,40,-99,78,0,14,51,74,63,0.069,-99,-99,-99,-99,-99,-99,-99,-99,0,12817,12816,0,0,110790,110787,670,0.0,28.8,25.2,61.3,-99,12.2,10.7,26.0,-99,161.4,82.5,68.4,35.0,99,21.0,10.2,17.8,16.2,419.6,224.3,256.4,-99,-99,1,2024-08-01
248,249,51,1,0,1,BA,CSCER048,ABSR2403,Sim1,-99,W2482401,2024,JP_NRNP06A,43.991,144.118,30,2024001,2024108,2024115,2024174,2024214,2024214,2024,89,6453,2736,2736,0,3162,0.02,13681,22.5,0.424,1.5,-99,-99,-99,-99,-99,0,0,311,351,105,247,0,18,8,1,40,-99,76,0,16,51,72,61,0.07,-99,-99,-99,-99,-99,-99,-99,-99,0,12817,12817,0,0,110797,110795,662,0.0,30.3,25.4,61.7,-99,12.9,10.8,26.1,-99,161.3,85.0,68.4,36.1,99,21.2,10.4,17.8,16.2,419.6,212.7,254.4,-99,-99,1,2024-08-01
249,250,52,1,0,1,BA,CSCER048,ABSR2403,Sim1,-99,W2492401,2024,JP_NRNP06A,43.991,144.118,30,2024001,2024108,2024115,2024174,2024214,2024214,2024,89,6454,2736,2736,0,3162,0.02,13681,22.5,0.424,1.5,-99,-99,-99,-99,-99,0,0,318,355,105,250,0,18,11,1,40,-99,79,0,14,52,75,64,0.07,-99,-99,-99,-99,-99,-99,-99,-99,0,12816,12816,0,0,110782,110779,678,0.0,29.4,25.0,61.6,-99,12.5,10.6,26.1,-99,161.3,81.4,68.4,34.5,99,21.1,10.4,17.6,16.2,419.6,219.6,257.7,-99,-99,1,2024-08-01
250,251,53,1,0,1,BA,CSCER048,ABSR2403,Sim1,-99,W2502401,2024,JP_NRNP06A,43.991,144.118,30,2024001,2024108,2024115,2024174,2024214,2024214,2024,89,6454,2736,2736,0,3162,0.02,13681,22.5,0.424,1.5,-99,-99,-99,-99,-99,0,0,306,348,104,244,0,18,6,1,40,-99,75,0,16,50,71,60,0.07,-99,-99,-99,-99,-99,-99,-99,-99,0,12818,12817,0,0,110802,110799,658,0.0,31.1,25.7,61.8,-99,13.2,10.9,26.2,-99,161.3,86.3,68.4,36.6,99,21.0,10.3,17.8,16.2,419.6,207.6,251.1,-99,-99,1,2024-08-01
251,252,54,1,0,1,BA,CSCER048,ABSR2403,Sim1,-99,W2512401,2024,JP_NRNP06A,43.991,144.118,30,2024001,2024108,2024115,2024174,2024214,2024214,2024,89,6455,2736,2736,0,3162,0.02,13681,22.5,0.424,1.5,-99,-99,-99,-99,-99,0,0,312,352,105,247,0,18,9,1,40,-99,77,0,15,51,73,62,0.07,-99,-99,-99,-99,-99,-99,-99,-99,0,12817,12817,0,0,110796,110793,664,0.0,30.2,25.3,61.4,-99,12.8,10.7,26.0,-99,161.4,84.2,68.4,35.7,99,21.0,10.2,17.8,16.2,419.6,214.0,254.8,-99,-99,1,2024-08-01
252,253,55,1,0,1,BA,CSCER048,ABSR2403,Sim1,-99,W2522401,2024,JP_NRNP06A,43.991,144.118,30,2024001,2024108,2024115,2024174,2024213,2024213,2024,89,6453,2736,2736,0,3162,0.02,13681,22.5,0.424,1.5,-99,-99,-99,-99,-99,0,0,319,347,104,243,0,18,20,1,40,-99,74,0,16,50,70,59,0.07,-99,-99,-99,-99,-99,-99,-99,-99,0,12818,12818,0,0,110806,110803,654,0.0,29.2,25.8,62.0,-99,12.4,10.9,26.3,-99,161.3,86.6,68.4,36.7,98,21.1,10.3,17.8,16.2,419.6,220.9,250.5,-99,-99,1,2024-07-31
253,254,56,1,0,1,BA,CSCER048,ABSR2403,Sim1,-99,W2532401,2024,JP_NRNP06A,43.991,144.118,30,2024001,2024108,2024115,2024174,2024214,2024214,2024,89,6454,2736,2736,0,3162,0.02,13681,22.5,0.424,1.5,-99,-99,-99,-99,-99,0,0,315,353,105,248,0,18,10,1,40,-99,78,0,14,52,74,63,0.07,-99,-99,-99,-99,-99,-99,-99,-99,0,12816,12816,0,0,110788,110785,672,0.0,29.8,25.2,61.5,-99,12.6,10.7,26.1,-99,161.4,82.5,68.4,35.0,99,21.1,10.3,17.7,16.2,419.6,216.4,256.1,-99,-99,1,2024-08-01
254,255,57,1,0,1,BA,CSCER048,ABSR2403,Sim1,-99,W2542401,2024,JP_NRNP06A,43.991,144.118,30,2024001,2024108,2024115,2024174,2024213,2024213,2024,89,6451,2736,2736,0,3162,0.02,13681,22.5,0.424,1.5,-99,-99,-99,-99,-99,0,0,304,346,104,242,0,18,6,1,40,-99,75,0,16,50,70,59,0.07,-99,-99,-99,-99,-99,-99,-99,-99,0,12818,12818,0,0,110804,110802,655,0.0,31.4,25.9,62.1,-99,13.3,11.0,26.3,-99,161.3,86.5,68.4,36.7,98,21.2,10.4,17.8,16.2,419.6,205.3,249.3,-99,-99,1,2024-07-31
255,256,58,1,0,1,BA,CSCER048,ABSR2403,Sim1,-99,W2552401,2024,JP_NRNP06A,43.991,144.118,30,2024001,2024108,2024115,2024174,2024213,2024213,2024,89,6452,2736,2736,0,3162,0.02,13681,22.5,0.424,1.5,-99,-99,-99,-99,-99,0,0,316,349,104,245,0,18,14,1,40,-99,76,0,16,50,72,60,0.069,-99,-99,-99,-99,-99,-99,-99,-99,0,12818,12818,0,0,110802,110800,657,0.0,29.7,25.6,61.8,-99,12.6,10.8,26.2,-99,161.3,85.4,68.4,36.2,98,21.2,10.4,17.9,16.2,419.6,217.1,252.3,-99,-99,1,2024-07-31
256,257,59,1,0,1,BA,CSCER048,ABSR2403,Sim1,-99,W2562401,2024,JP_NRNP06A,43.991,144.118,30,2024001,2024108,2024115,2024174,2024214,2024214,2024,89,6454,2736,2736,0,3162,0.02,13681,22.5,0.424,1.5,-99,-99,-99,-99,-99,0,0,316,351,105,246,0,18,13,1,40,-99,78,0,14,52,74,63,0.07,-99,-99,-99,-99,-99,-99,-99,-99,0,12816,12816,0,0,110788,110786,671,0.0,29.7,25.4,61.5,-99,12.6,10.8,26.1,-99,161.3,82.6,68.4,35.0,99,21.1,10.3,17.7,16.2,419.6,217.6,254.4,-99,-99,1,2024-08-01
257,258,60,1,0,1,BA,CSCER048,ABSR2403,Sim1,-99,W2572401,2024,JP_NRNP06A,43.991,144.118,30,2024001,2024108,2024115,2024174,2024214,2024214,2024,89,6452,2713,2713,0,3138,0.0198,13681,22.5,0.42,1.5,-99,-99,-99,-99,-99,0,0,305,347,104,243,0,18,6,1,40,-99,75,0,15,50,71,60,0.07,-99,-99,-99,-99,-99,-99,-99,-99,0,12818,12818,0,0,110803,110800,656,0.0,31.3,25.8,62.1,-99,13.1,10.8,26.1,-99,161.3,86.3,67.8,36.3,99,21.0,10.2,17.8,16.2,419.6,206.4,250.3,-99,-99,1,2024-08-01
258,259,61,1,0,1,BA,CSCER048,ABSR2403,Sim1,-99,W2582401,2024,JP_NRNP06A,43.991,144.118,30,2024001,2024108,2024115,2024174,2024214,2024214,2024,89,6453,2736,2736,0,3162,0.02,13681,22.5,0.424,1.5,-99,-99,-99,-99,-99,0,0,320,353,105,248,0,18,15,1,40,-99,78,0,15,51,73,62,0.07,-99,-99,-99,-99,-99,-99,-99,-99,0,12817,12817,0,0,110791,110788,669,0.0,29.1,25.2,61.5,-99,12.4,10.7,26.1,-99,161.3,83.2,68.4,35.3,99,21.1,10.4,17.7,16.2,419.6,221.4,255.8,-99,-99,1,2024-08-01
259,260,62,1,0,1,BA,CSCER048,ABSR2403,Sim1,-99,W2592401,2024,JP_NRNP06A,43.991,144.118,30,2024001,2024108,2024115,2024174,2024213,2024213,2024,89,6452,2736,2736,0,3162,0.02,13681,22.5,0.424,1.5,-99,-99,-99,-99,-99,0,0,306,347,104,243,0,18,7,1,40,-99,74,0,16,50,70,59,0.07,-99,-99,-99,-99,-99,-99,-99,-99,0,12818,12818,0,0,110806,110803,653,0.0,31.1,25.8,61.9,-99,13.2,11.0,26.3,-99,161.3,86.7,68.4,36.8,98,21.1,10.4,17.7,16.2,419.6,207.4,249.7,-99,-99,1,2024-07-31
260,261,63,1,0,1,BA,CSCER048,ABSR2403,Sim1,-99,W2602401,2024,JP_NRNP06A,43.991,144.118,30,2024001,2024108,2024115,2024174,2024214,2024214,2024,89,6454,2736,2736,0,3162,0.02,13681,22.5,0.424,1.5,-99,-99,-99,-99,-99,0,0,304,347,104,243,0,18,4,1,40,-99,75,0,16,50,71,60,0.07,-99,-99,-99,-99,-99,-99,-99,-99,0,12818,12818,0,0,110802,110799,657,0.0,31.4,25.8,61.9,-99,13.3,10.9,26.3,-99,161.3,86.4,68.4,36.6,99,21.1,10.3,17.8,16.2,419.6,205.3,250.5,-99,-99,1,2024-08-01
261,262,64,1,0,1,BA,CSCER048,ABSR2403,Sim1,-99,W2612401,2024,JP_NRNP06A,43.991,144.118,30,2024001,2024108,2024115,2024174,2024214,2024214,2024,89,6454,2736,2736,0,3162,0.02,13681,22.5,0.424,1.5,-99,-99,-99,-99,-99,0,0,320,354,105,248,0,18,14,1,40,-99,79,0,14,52,75,64,0.069,-99,-99,-99,-99,-99,-99,-99,-99,0,12816,12816,0,0,110784,110782,675,0.0,29.2,25.2,61.4,-99,12.4,10.7,26.0,-99,161.3,81.8,68.4,34.7,99,21.0,10.3,17.7,16.2,419.6,221.1,256.6,-99,-99,1,2024-08-01
262,263,65,1,0,1,BA,CSCER048,ABSR2403,Sim1,-99,W2622401,2024,JP_NRNP06A,43.991,144.118,30,2024001,2024108,2024115,2024174,2024213,2024213,2024,89,6454,2736,2736,0,3162,0.02,13681,22.5,0.424,1.5,-99,-99,-99,-99,-99,0,0,321,351,105,246,0,18,18,1,40,-99,77,0,15,51,73,62,0.069,-99,-99,-99,-99,-99,-99,-99,-99,0,12817,12817,0,0,110796,110793,664,0.0,28.9,25.4,61.6,-99,12.3,10.8,26.1,-99,161.3,83.4,68.4,35.4,98,21.1,10.3,17.7,16.2,419.6,223.0,254.1,-99,-99,1,2024-07-31
263,264,66,1,0,1,BA,CSCER048,ABSR2403,Sim1,-99,W2632401,2024,JP_NRNP06A,43.991,144.118,30,2024001,2024108,2024115,2024174,2024214,2024214,2024,89,6453,2736,2736,0,3162,0.02,13681,22.5,0.424,1.5,-99,-99,-99,-99,-99,0,0,306,348,104,244,0,18,6,1,40,-99,75,0,16,51,71,60,0.07,-99,-99,-99,-99,-99,-99,-99,-99,0,12817,12817,0,0,110800,110797,660,0.0,31.0,25.7,61.8,-99,13.2,10.9,26.2,-99,161.3,86.3,68.4,36.6,99,21.1,10.4,17.7,16.2,419.6,208.0,251.2,-99,-99,1,2024-08-01
264,265,67,1,0,1,BA,CSCER048,ABSR2403,Sim1,-99,W2642401,2024,JP_NRNP06A,43.991,144.118,30,2024001,2024108,2024115,2024174,2024214,2024214,2024,89,6453,2736,2736,0,3162,0.02,13681,22.5,0.424,1.5,-99,-99,-99,-99,-99,0,0,341,354,105,249,2,18,34,1,40,-99,79,0,14,52,75,64,0.069,-99,-99,-99,-99,-99,-99,-99,-99,0,12816,12816,0,0,110787,110785,672,0.0,26.6,25.1,61.6,-99,11.3,10.6,26.1,-99,161.3,81.8,68.4,34.7,99,21.1,10.4,17.6,16.2,419.6,242.7,256.9,-99,-99,1,2024-08-01
265,266,68,1,0,1,BA,CSCER048,ABSR2403,Sim1,-99,W2652401,2024,JP_NRNP06A,43.991,144.118,30,2024001,2024108,2024115,2024174,2024214,2024214,2024,89,6455,2736,2736,0,3162,0.02,13681,22.5,0.424,1.5,-99,-99,-99,-99,-99,0,0,322,356,105,251,0,18,14,1,40,-99,79,0,14,52,75,64,0.069,-99,-99,-99,-99,-99,-99,-99,-99,0,12816,12816,0,0,110782,110780,677,0.0,28.9,24.9,61.4,-99,12.2,10.5,26.0,-99,161.4,81.6,68.4,34.6,99,21.1,10.3,17.8,16.2,419.6,223.5,259.5,-99,-99,1,2024-08-01
266,267,69,1,0,1,BA,CSCER048,ABSR2403,Sim1,-99,W2662401,2024,JP_NRNP06A,43.991,144.118,30,2024001,2024108,2024115,2024174,2024214,2024214,2024,89,6453,2736,2736,0,3162,0.02,13681,22.5,0.424,1.5,-99,-99,-99,-99,-99,0,0,362,353,104,248,4,18,54,1,40,-99,79,0,14,52,75,64,0.069,-99,-99,-99,-99,-99,-99,-99,-99,0,12816,12816,0,0,110788,110786,671,0.0,24.5,25.2,61.8,-99,10.4,10.7,26.2,-99,161.3,81.6,68.4,34.6,99,21.0,10.3,17.5,16.2,419.6,263.6,256.0,-99,-99,1,2024-08-01
267,268,70,1,0,1,BA,CSCER048,ABSR2403,Sim1,-99,W2672401,2024,JP_NRNP06A,43.991,144.118,30,2024001,2024108,2024115,2024174,2024213,2024213,2024,89,6451,2736,2736,0,3162,0.02,13681,22.5,0.424,1.5,-99,-99,-99,-99,-99,0,0,307,350,104,245,0,18,5,1,40,-99,75,0,15,50,71,60,0.07,-99,-99,-99,-99,-99,-99,-99,-99,0,12818,12818,0,0,110802,110800,657,0.0,30.9,25.5,61.9,-99,13.1,10.8,26.2,-99,161.3,85.8,68.4,36.4,98,21.2,10.4,17.7,16.2,419.6,208.5,252.6,-99,-99,1,2024-07-31
268,269,71,1,0,1,BA,CSCER048,ABSR2403,Sim1,-99,W2682401,2024,JP_NRNP06A,43.991,144.118,30,2024001,2024108,2024115,2024174,2024214,2024214,2024,89,6454,2736,2736,0,3162,0.02,13681,22.5,0.424,1.5,-99,-99,-99,-99,-99,0,0,321,354,105,249,0,18,15,1,40,-99,78,0,14,51,74,63,0.069,-99,-99,-99,-99,-99,-99,-99,-99,0,12817,12816,0,0,110789,110787,670,0.0,29.0,25.1,61.5,-99,12.3,10.6,26.1,-99,161.4,82.5,68.4,35.0,99,21.0,10.3,17.7,16.2,419.6,222.2,257.0,-99,-99,1,2024-08-01
269,270,72,1,0,1,BA,CSCER048,ABSR2403,Sim1,-99,W2692401,2024,JP_NRNP06A,43.991,144.118,30,2024001,2024108,2024115,2024174,2024214,2024214,2024,89,6453,2737,2737,0,3163,0.02,13681,22.5,0.424,1.5,-99,-99,-99,-99,-99,0,0,309,351,105,246,0,18,6,1,40,-99,76,0,15,51,72,61,0.07,-99,-99,-99,-99,-99,-99,-99,-99,0,12817,12817,0,0,110797,110794,663,0.0,30.7,25.4,61.6,-99,13.0,10.8,26.1,-99,161.3,84.7,68.4,35.9,99,20.9,10.2,17.6,16.2,419.6,210.4,253.7,-99,-99,1,2024-08-01
270,271,73,1,0,1,BA,CSCER048,ABSR2403,Sim1,-99,W2702401,2024,JP_NRNP06A,43.991,144.118,30,2024001,2024108,2024115,2024174,2024214,2024214,2024,89,6453,2736,2736,0,3162,0.02,13681,22.5,0.424,1.5,-99,-99,-99,-99,-99,0,0,304,347,104,243,0,18,4,1,40,-99,75,0,16,50,71,60,0.07,-99,-99,-99,-99,-99,-99,-99,-99,0,12818,12818,0,0,110802,110800,657,0.0,31.4,25.8,62.0,-99,13.3,10.9,26.3,-99,161.3,86.4,68.4,36.6,99,21.1,10.3,17.9,16.2,419.6,205.3,250.4,-99,-99,1,2024-08-01
271,272,74,1,0,1,BA,CSCER048,ABSR2403,Sim1,-99,W2712401,2024,JP_NRNP06A,43.991,144.118,30,2024001,2024108,2024115,2024174,2024213,2024213,2024,89,6453,2736,2736,0,3162,0.02,13681,22.5,0.424,1.5,-99,-99,-99,-99,-99,0,0,314,352,105,247,0,18,10,1,40,-99,76,0,16,51,72,61,0.069,-99,-99,-99,-99,-99,-99,-99,-99,0,12817,12817,0,0,110799,110796,661,0.0,29.9,25.3,61.5,-99,12.7,10.7,26.1,-99,161.3,84.5,68.4,35.8,98,21.1,10.3,17.8,16.2,419.6,215.6,254.8,-99,-99,1,2024-07-31
272,273,75,1,0,1,BA,CSCER048,ABSR2403,Sim1,-99,W2722401,2024,JP_NRNP06A,43.991,144.118,30,2024001,2024108,2024115,2024174,2024214,2024214,2024,89,6452,2736,2736,0,3162,0.02,13681,22.5,0.424,1.5,-99,-99,-99,-99,-99,0,0,316,350,104,246,0,18,14,1,40,-99,76,0,16,51,72,61,0.07,-99,-99,-99,-99,-99,-99,-99,-99,0,12817,12817,0,0,110795,110792,664,0.0,29.6,25.5,61.9,-99,12.6,10.8,26.3,-99,161.3,84.6,68.4,35.9,99,21.3,10.4,17.8,16.2,419.6,217.9,252.9,-99,-99,1,2024-08-01
273,274,76,1,0,1,BA,CSCER048,ABSR2403,Sim1,-99,W2732401,2024,JP_NRNP06A,43.991,144.118,30,2024001,2024108,2024115,2024174,2024214,2024214,2024,89,6454,2736,2736,0,3162,0.02,13681,22.5,0.424,1.5,-99,-99,-99,-99,-99,0,0,310,348,104,244,0,18,9,1,40,-99,75,0,16,51,71,60,0.07,-99,-99,-99,-99,-99,-99,-99,-99,0,12817,12817,0,0,110800,110798,659,0.0,30.6,25.7,61.8,-99,13.0,10.9,26.2,-99,161.4,86.1,68.4,36.5,99,21.1,10.3,17.8,16.2,419.6,211.2,251.3,-99,-99,1,2024-08-01
274,275,77,1,0,1,BA,CSCER048,ABSR2403,Sim1,-99,W2742401,2024,JP_NRNP06A,43.991,144.118,30,2024001,2024108,2024115,2024174,2024214,2024214,2024,89,6460,2736,2736,0,3162,0.02,13681,22.5,0.424,1.5,-99,-99,-99,-99,-99,0,0,350,354,105,249,2,18,42,1,40,-99,78,0,14,52,74,63,0.069,-99,-99,-99,-99,-99,-99,-99,-99,0,12816,12816,0,0,110786,110783,674,0.0,25.6,25.2,61.5,-99,10.9,10.7,26.1,-99,161.5,82.4,68.4,34.9,99,21.1,10.3,17.7,16.2,419.6,251.9,256.7,-99,-99,1,2024-08-01
275,276,78,1,0,1,BA,CSCER048,ABSR2403,Sim1,-99,W2752401,2024,JP_NRNP06A,43.991,144.118,30,2024001,2024108,2024115,2024174,2024213,2024213,2024,89,6451,2736,2736,0,3162,0.02,13681,22.5,0.424,1.5,-99,-99,-99,-99,-99,0,0,304,346,104,242,0,18,5,1,40,-99,74,0,16,50,70,59,0.07,-99,-99,-99,-99,-99,-99,-99,-99,0,12818,12818,0,0,110805,110802,654,0.0,31.4,25.9,62.0,-99,13.3,11.0,26.3,-99,161.3,86.6,68.4,36.7,98,21.2,10.4,17.8,16.2,419.6,205.3,249.4,-99,-99,1,2024-07-31
276,277,79,1,0,1,BA,CSCER048,ABSR2403,Sim1,-99,W2762401,2024,JP_NRNP06A,43.991,144.118,30,2024001,2024108,2024115,2024174,2024213,2024213,2024,89,6451,2736,2736,0,3162,0.02,13681,22.5,0.424,1.5,-99,-99,-99,-99,-99,0,0,305,347,104,243,0,18,6,1,40,-99,75,0,15,50,71,60,0.07,-99,-99,-99,-99,-99,-99,-99,-99,0,12818,12818,0,0,110804,110801,656,0.0,31.2,25.8,61.9,-99,13.2,10.9,26.2,-99,161.3,86.2,68.4,36.6,98,21.2,10.4,17.8,16.2,419.6,206.6,250.5,-99,-99,1,2024-07-31
277,278,80,1,0,1,BA,CSCER048,ABSR2403,Sim1,-99,W2772401,2024,JP_NRNP06A,43.991,144.118,30,2024001,2024108,2024115,2024174,2024215,2024215,2024,89,6454,2736,2736,0,3162,0.02,13681,22.5,0.424,1.5,-99,-99,-99,-99,-99,0,0,325,357,105,252,0,18,16,1,40,-99,79,0,13,52,75,64,0.07,-99,-99,-99,-99,-99,-99,-99,-99,0,12816,12816,0,0,110784,110782,675,0.0,28.5,24.8,61.3,-99,12.1,10.5,26.0,-99,161.3,81.5,68.4,34.6,100,20.9,10.2,17.7,16.2,419.6,226.8,260.1,-99,-99,1,2024-08-02
278,279,81,1,0,1,BA,CSCER048,ABSR2403,Sim1,-99,W2782401,2024,JP_NRNP06A,43.991,144.118,30,2024001,2024108,2024115,2024174,2024214,2024214,2024,89,6453,2736,2736,0,3162,0.02,13681,22.5,0.424,1.5,-99,-99,-99,-99,-99,0,0,307,349,105,244,0,18,7,1,40,-99,75,0,15,50,71,60,0.07,-99,-99,-99,-99,-99,-99,-99,-99,0,12818,12817,0,0,110801,110799,658,0.0,30.9,25.7,61.7,-99,13.1,10.9,26.2,-99,161.3,86.0,68.4,36.5,99,21.0,10.2,17.7,16.2,419.6,209.0,251.6,-99,-99,1,2024-08-01
279,280,82,1,0,1,BA,CSCER048,ABSR2403,Sim1,-99,W2792401,2024,JP_NRNP06A,43.991,144.118,30,2024001,2024108,2024115,2024174,2024214,2024214,2024,89,6454,2736,2736,0,3162,0.02,13681,22.5,0.424,1.5,-99,-99,-99,-99,-99,0,0,314,353,105,247,0,18,9,1,40,-99,77,0,15,51,73,62,0.07,-99,-99,-99,-99,-99,-99,-99,-99,0,12817,12817,0,0,110793,110791,666,0.0,29.9,25.2,61.3,-99,12.7,10.7,26.0,-99,161.4,83.5,68.4,35.4,99,21.0,10.2,17.8,16.2,419.6,215.6,255.8,-99,-99,1,2024-08-01
280,281,83,1,0,1,BA,CSCER048,ABSR2403,Sim1,-99,W2802401,2024,JP_NRNP06A,43.991,144.118,30,2024001,2024108,2024115,2024174,2024214,2024214,2024,89,6452,2736,2736,0,3162,0.02,13681,22.5,0.424,1.5,-99,-99,-99,-99,-99,0,0,316,351,104,246,0,18,13,1,40,-99,77,0,15,51,73,62,0.07,-99,-99,-99,-99,-99,-99,-99,-99,0,12817,12816,0,0,110790,110787,670,0.0,29.7,25.4,61.8,-99,12.6,10.8,26.2,-99,161.3,83.5,68.4,35.4,99,21.1,10.4,17.5,16.2,419.6,217.5,253.9,-99,-99,1,2024-08-01
281,282,84,1,0,1,BA,CSCER048,ABSR2403,Sim1,-99,W2812401,2024,JP_NRNP06A,43.991,144.118,30,2024001,2024108,2024115,2024174,2024213,2024213,2024,89,6451,2736,2736,0,3162,0.02,13681,22.5,0.424,1.5,-99,-99,-99,-99,-99,0,0,307,348,104,244,0,18,6,1,40,-99,76,0,15,50,71,60,0.07,-99,-99,-99,-99,-99,-99,-99,-99,0,12818,12817,0,0,110801,110798,659,0.0,31.0,25.7,61.9,-99,13.1,10.9,26.3,-99,161.3,85.4,68.4,36.2,98,21.1,10.3,17.6,16.2,419.6,208.1,251.4,-99,-99,1,2024-07-31
282,283,85,1,0,1,BA,CSCER048,ABSR2403,Sim1,-99,W2822401,2024,JP_NRNP06A,43.991,144.118,30,2024001,2024108,2024115,2024174,2024213,2024213,2024,89,6451,2736,2736,0,3162,0.02,13681,22.5,0.424,1.5,-99,-99,-99,-99,-99,0,0,305,347,104,243,0,18,6,1,40,-99,75,0,15,50,71,60,0.07,-99,-99,-99,-99,-99,-99,-99,-99,0,12818,12818,0,0,110804,110801,656,0.0,31.2,25.8,61.9,-99,13.2,10.9,26.2,-99,161.3,86.2,68.4,36.6,98,21.2,10.4,17.8,16.2,419.6,206.6,250.5,-99,-99,1,2024-07-31
283,284,86,1,0,1,BA,CSCER048,ABSR2403,Sim1,-99,W2832401,2024,JP_NRNP06A,43.991,144.118,30,2024001,2024108,2024115,2024174,2024214,2024214,2024,89,6454,2736,2736,0,3162,0.02,13681,22.5,0.424,1.5,-99,-99,-99,-99,-99,0,0,319,353,105,248,0,18,14,1,40,-99,78,0,15,51,74,63,0.07,-99,-99,-99,-99,-99,-99,-99,-99,0,12817,12817,0,0,110790,110788,669,0.0,29.2,25.2,61.6,-99,12.4,10.7,26.1,-99,161.3,83.0,68.4,35.2,99,21.1,10.4,17.8,16.2,419.6,220.8,256.0,-99,-99,1,2024-08-01
284,285,87,1,0,1,BA,CSCER048,ABSR2403,Sim1,-99,W2842401,2024,JP_NRNP06A,43.991,144.118,30,2024001,2024108,2024115,2024174,2024215,2024215,2024,89,6453,2736,2736,0,3162,0.02,13681,22.5,0.424,1.5,-99,-99,-99,-99,-99,0,0,305,349,104,244,0,18,4,1,40,-99,75,0,15,51,71,60,0.07,-99,-99,-99,-99,-99,-99,-99,-99,0,12817,12817,0,0,110800,110797,660,0.0,31.3,25.6,61.8,-99,13.3,10.9,26.2,-99,161.3,85.9,68.4,36.4,100,21.0,10.2,17.9,16.2,419.6,206.1,251.8,-99,-99,1,2024-08-02
285,286,88,1,0,1,BA,CSCER048,ABSR2403,Sim1,-99,W2852401,2024,JP_NRNP06A,43.991,144.118,30,2024001,2024108,2024115,2024174,2024213,2024213,2024,89,6452,2736,2736,0,3162,0.02,13681,22.5,0.424,1.5,-99,-99,-99,-99,-99,0,0,306,347,104,243,0,18,8,1,40,-99,75,0,15,50,71,60,0.07,-99,-99,-99,-99,-99,-99,-99,-99,0,12818,12818,0,0,110804,110801,655,0.0,31.1,25.8,62.0,-99,13.2,11.0,26.3,-99,161.3,86.4,68.4,36.6,98,21.1,10.3,17.8,16.2,419.6,207.8,249.8,-99,-99,1,2024-07-31
286,287,89,1,0,1,BA,CSCER048,ABSR2403,Sim1,-99,W2862401,2024,JP_NRNP06A,43.991,144.118,30,2024001,2024108,2024115,2024174,2024214,2024214,2024,89,6454,2736,2736,0,3162,0.02,13681,22.5,0.424,1.5,-99,-99,-99,-99,-99,0,0,310,350,105,245,0,18,8,1,40,-99,77,0,15,51,73,61,0.07,-99,-99,-99,-99,-99,-99,-99,-99,0,12817,12817,0,0,110795,110792,665,0.0,30.5,25.5,61.6,-99,12.9,10.8,26.1,-99,161.4,84.3,68.4,35.7,99,21.0,10.2,17.7,16.2,419.6,211.4,252.7,-99,-99,1,2024-08-01
287,288,90,1,0,1,BA,CSCER048,ABSR2403,Sim1,-99,W2872401,2024,JP_NRNP06A,43.991,144.118,30,2024001,2024108,2024115,2024174,2024214,2024214,2024,89,6452,2736,2736,0,3162,0.02,13681,22.5,0.424,1.5,-99,-99,-99,-99,-99,0,0,389,352,104,248,9,18,77,1,40,-99,81,0,12,52,77,66,0.069,-99,-99,-99,-99,-99,-99,-99,-99,0,12816,12816,0,0,110784,110781,675,0.0,22.2,25.3,61.9,-99,9.4,10.7,26.2,-99,161.3,79.6,68.4,33.8,99,21.1,10.4,17.4,16.2,419.6,291.0,254.9,-99,-99,1,2024-08-01
288,289,91,1,0,1,BA,CSCER048,ABSR2403,Sim1,-99,W2882401,2024,JP_NRNP06A,43.991,144.118,30,2024001,2024108,2024115,2024174,2024213,2024213,2024,89,6454,2736,2736,0,3162,0.02,13681,22.5,0.424,1.5,-99,-99,-99,-99,-99,0,0,348,351,104,246,5,18,41,1,40,-99,76,0,16,50,72,61,0.069,-99,-99,-99,-99,-99,-99,-99,-99,0,12818,12818,0,0,110802,110800,657,0.0,25.8,25.5,61.8,-99,11.0,10.8,26.2,-99,161.4,84.5,68.4,35.8,98,21.1,10.3,17.9,16.2,419.6,249.7,253.6,-99,-99,1,2024-07-31
289,290,92,1,0,1,BA,CSCER048,ABSR2403,Sim1,-99,W2892401,2024,JP_NRNP06A,43.991,144.118,30,2024001,2024108,2024115,2024174,2024215,2024215,2024,89,6456,2736,2736,0,3162,0.02,13681,22.5,0.424,1.5,-99,-99,-99,-99,-99,0,0,359,355,105,250,2,18,51,1,40,-99,82,0,12,52,78,67,0.069,-99,-99,-99,-99,-99,-99,-99,-99,0,12816,12816,0,0,110781,110778,679,0.0,24.7,25.0,61.7,-99,10.5,10.6,26.1,-99,161.4,78.9,68.4,33.4,100,20.9,10.2,17.5,16.2,419.6,261.0,258.0,-99,-99,1,2024-08-02
290,291,93,1,0,1,BA,CSCER048,ABSR2403,Sim1,-99,W2902401,2024,JP_NRNP06A,43.991,144.118,30,2024001,2024108,2024115,2024174,2024214,2024214,2024,89,6454,2736,2736,0,3162,0.02,13681,22.5,0.424,1.5,-99,-99,-99,-99,-99,0,0,308,349,105,244,0,18,7,1,40,-99,76,0,15,51,72,60,0.07,-99,-99,-99,-99,-99,-99,-99,-99,0,12817,12817,0,0,110798,110795,661,0.0,30.9,25.6,61.5,-99,13.1,10.9,26.1,-99,161.4,85.4,68.4,36.2,99,21.0,10.2,17.8,16.2,419.6,209.2,252.1,-99,-99,1,2024-08-01
291,292,94,1,0,1,BA,CSCER048,ABSR2403,Sim1,-99,W2912401,2024,JP_NRNP06A,43.991,144.118,30,2024001,2024108,2024115,2024174,2024213,2024213,2024,89,6451,2736,2736,0,3162,0.02,13681,22.5,0.424,1.5,-99,-99,-99,-99,-99,0,0,305,347,104,243,0,18,6,1,40,-99,75,0,15,50,71,60,0.07,-99,-99,-99,-99,-99,-99,-99,-99,0,12818,12818,0,0,110804,110801,656,0.0,31.2,25.8,61.9,-99,13.2,10.9,26.2,-99,161.3,86.2,68.4,36.6,98,21.2,10.4,17.8,16.2,419.6,206.6,250.5,-99,-99,1,2024-07-31
292,293,95,1,0,1,BA,CSCER048,ABSR2403,Sim1,-99,W2922401,2024,JP_NRNP06A,43.991,144.118,30,2024001,2024108,2024115,2024174,2024213,2024213,2024,89,6452,2736,2736,0,3162,0.02,13681,22.5,0.424,1.5,-99,-99,-99,-99,-99,0,0,313,349,104,245,0,18,12,1,40,-99,75,0,16,50,71,60,0.07,-99,-99,-99,-99,-99,-99,-99,-99,0,12818,12818,0,0,110803,110800,657,0.0,30.0,25.6,61.8,-99,12.7,10.8,26.2,-99,161.3,85.9,68.4,36.4,98,21.1,10.4,17.8,16.2,419.6,214.9,252.2,-99,-99,1,2024-07-31
293,294,96,1,0,1,BA,CSCER048,ABSR2403,Sim1,-99,W2932401,2024,JP_NRNP06A,43.991,144.118,30,2024001,2024108,2024115,2024174,2024214,2024214,2024,89,6453,2736,2736,0,3162,0.02,13681,22.5,0.424,1.5,-99,-99,-99,-99,-99,0,0,325,355,105,250,0,18,18,1,40,-99,79,0,14,52,75,64,0.069,-99,-99,-99,-99,-99,-99,-99,-99,0,12816,12816,0,0,110781,110778,679,0.0,28.5,25.0,61.5,-99,12.1,10.6,26.1,-99,161.3,81.4,68.4,34.5,99,21.1,10.4,17.6,16.2,419.6,226.5,258.1,-99,-99,1,2024-08-01
294,295,97,1,0,1,BA,CSCER048,ABSR2403,Sim1,-99,W2942401,2024,JP_NRNP06A,43.991,144.118,30,2024001,2024108,2024115,2024174,2024214,2024214,2024,89,6454,2736,2736,0,3162,0.02,13681,22.5,0.424,1.5,-99,-99,-99,-99,-99,0,0,323,353,105,248,0,18,18,1,40,-99,77,0,15,51,72,61,0.07,-99,-99,-99,-99,-99,-99,-99,-99,0,12817,12817,0,0,110793,110791,666,0.0,28.8,25.2,61.5,-99,12.2,10.7,26.1,-99,161.3,84.3,68.4,35.8,99,21.1,10.4,17.9,16.2,419.6,224.4,256.2,-99,-99,1,2024-08-01
295,296,98,1,0,1,BA,CSCER048,ABSR2403,Sim1,-99,W2952401,2024,JP_NRNP06A,43.991,144.118,30,2024001,2024108,2024115,2024174,2024214,2024214,2024,89,6454,2736,2736,0,3162,0.02,13681,22.5,0.424,1.5,-99,-99,-99,-99,-99,0,0,353,352,105,247,6,18,43,1,40,-99,76,0,15,51,72,61,0.07,-99,-99,-99,-99,-99,-99,-99,-99,0,12817,12817,0,0,110797,110794,662,0.0,25.4,25.3,61.5,-99,10.8,10.7,26.1,-99,161.4,85.1,68.4,36.1,99,21.0,10.3,17.7,16.2,419.6,254.2,254.8,-99,-99,1,2024-08-01
296,297,99,1,0,1,BA,CSCER048,ABSR2403,Sim1,-99,W2962401,2024,JP_NRNP06A,43.991,144.118,30,2024001,2024108,2024115,2024174,2024214,2024214,2024,89,6453,2736,2736,0,3162,0.02,13681,22.5,0.424,1.5,-99,-99,-99,-99,-99,0,0,307,350,104,245,0,18,6,1,40,-99,76,0,15,51,72,61,0.07,-99,-99,-99,-99,-99,-99,-99,-99,0,12817,12817,0,0,110796,110793,664,0.0,30.9,25.5,61.8,-99,13.1,10.8,26.2,-99,161.3,85.0,68.4,36.1,99,21.1,10.3,17.6,16.2,419.6,209.0,252.6,-99,-99,1,2024-08-01
297,298,1,1,0,1,BA,CSCER048,ABSR2404,Sim1,-99,W2972401,2024,JP_NRNP06A,43.991,144.118,30,2024001,2024108,2024115,2024174,2024214,2024214,2024,89,6454,2736,2736,0,3162,0.02,13681,22.5,0.424,1.5,-99,-99,-99,-99,-99,0,0,311,351,105,246,0,18,8,1,40,-99,78,0,14,52,74,63,0.07,-99,-99,-99,-99,-99,-99,-99,-99,0,12816,12816,0,0,110787,110785,672,0.0,30.3,25.4,61.5,-99,12.8,10.8,26.1,-99,161.3,83.0,68.4,35.2,99,21.1,10.3,17.7,16.2,419.6,213.0,254.2,-99,-99,1,2024-08-01
298,299,2,1,0,1,BA,CSCER048,ABSR2404,Sim1,-99,W2982401,2024,JP_NRNP06A,43.991,144.118,30,2024001,2024108,2024115,2024174,2024214,2024214,2024,89,6454,2736,2736,0,3162,0.02,13681,22.5,0.424,1.5,-99,-99,-99,-99,-99,0,0,333,353,105,249,0,18,27,1,40,-99,79,0,14,52,75,64,0.069,-99,-99,-99,-99,-99,-99,-99,-99,0,12816,12816,0,0,110783,110781,676,0.0,27.6,25.2,61.7,-99,11.7,10.7,26.1,-99,161.3,81.5,68.4,34.5,99,21.0,10.3,17.6,16.2,419.6,234.1,256.5,-99,-99,1,2024-08-01
299,300,3,1,0,1,BA,CSCER048,ABSR2404,Sim1,-99,W2992401,2024,JP_NRNP06A,43.991,144.118,30,2024001,2024108,2024115,2024174,2024214,2024214,2024,89,6454,2736,2736,0,3162,0.02,13681,22.5,0.424,1.5,-99,-99,-99,-99,-99,0,0,320,354,105,249,0,18,14,1,40,-99,78,0,15,51,74,63,0.069,-99,-99,-99,-99,-99,-99,-99,-99,0,12817,12816,0,0,110789,110787,670,0.0,29.1,25.1,61.7,-99,12.3,10.6,26.1,-99,161.3,82.7,68.4,35.1,99,21.1,10.4,17.7,16.2,419.6,221.6,257.0,-99,-99,1,2024-08-01
300,301,4,1,0,1,BA,CSCER048,ABSR2404,Sim1,-99,W3002401,2024,JP_NRNP06A,43.991,144.118,30,2024001,2024108,2024115,2024174,2024214,2024214,2024,89,6452,2736,2736,0,3162,0.02,13681,22.5,0.424,1.5,-99,-99,-99,-99,-99,0,0,346,354,105,249,1,18,40,1,40,-99,80,0,14,52,76,65,0.069,-99,-99,-99,-99,-99,-99,-99,-99,0,12816,12816,0,0,110782,110779,678,0.0,26.0,25.1,61.7,-99,11.0,10.6,26.2,-99,161.3,80.9,68.4,34.3,99,21.1,10.4,17.6,16.2,419.6,247.7,257.1,-99,-99,1,2024-08-01
301,302,5,1,0,1,BA,CSCER048,ABSR2404,Sim1,-99,W3012401,2024,JP_NRNP06A,43.991,144.118,30,2024001,2024108,2024115,2024174,2024214,2024214,2024,89,6453,2736,2736,0,3162,0.02,13681,22.5,0.424,1.5,-99,-99,-99,-99,-99,0,0,326,349,104,245,0,18,25,1,40,-99,77,0,16,51,73,62,0.07,-99,-99,-99,-99,-99,-99,-99,-99,0,12817,12817,0,0,110794,110791,665,0.0,28.3,25.6,62.0,-99,12.0,10.8,26.3,-99,161.3,83.8,68.4,35.5,99,21.2,10.4,17.5,16.2,419.6,228.0,252.4,-99,-99,1,2024-08-01
302,303,6,1,0,1,BA,CSCER048,ABSR2404,Sim1,-99,W3022401,2024,JP_NRNP06A,43.991,144.118,30,2024001,2024108,2024115,2024174,2024214,2024214,2024,89,6453,2736,2736,0,3162,0.02,13681,22.5,0.424,1.5,-99,-99,-99,-99,-99,0,0,314,354,105,249,0,18,9,1,40,-99,77,0,15,51,73,62,0.07,-99,-99,-99,-99,-99,-99,-99,-99,0,12817,12817,0,0,110794,110792,665,0.0,29.9,25.1,61.5,-99,12.7,10.7,26.1,-99,161.3,84.2,68.4,35.7,99,21.1,10.4,17.8,16.2,419.6,215.8,256.8,-99,-99,1,2024-08-01
303,304,7,1,0,1,BA,CSCER048,ABSR2404,Sim1,-99,W3032401,2024,JP_NRNP06A,43.991,144.118,30,2024001,2024108,2024115,2024174,2024215,2024215,2024,89,6459,2736,2736,0,3162,0.02,13681,22.5,0.424,1.5,-99,-99,-99,-99,-99,0,0,339,356,105,251,1,18,31,1,40,-99,81,0,13,53,77,66,0.069,-99,-99,-99,-99,-99,-99,-99,-99,0,12815,12815,0,0,110775,110773,684,0.0,26.8,24.9,61.6,-99,11.4,10.6,26.1,-99,161.5,79.8,68.4,33.8,100,21.0,10.2,17.6,16.2,419.6,240.8,259.0,-99,-99,1,2024-08-02
304,305,8,1,0,1,BA,CSCER048,ABSR2404,Sim1,-99,W3042401,2024,JP_NRNP06A,43.991,144.118,30,2024001,2024108,2024115,2024174,2024214,2024214,2024,89,6454,2736,2736,0,3162,0.02,13681,22.5,0.424,1.5,-99,-99,-99,-99,-99,0,0,306,348,105,244,0,18,5,1,40,-99,75,0,16,51,71,60,0.07,-99,-99,-99,-99,-99,-99,-99,-99,0,12817,12817,0,0,110799,110797,660,0.0,31.2,25.7,61.7,-99,13.2,10.9,26.2,-99,161.4,86.2,68.4,36.6,99,21.1,10.4,17.8,16.2,419.6,207.1,251.3,-99,-99,1,2024-08-01
305,306,9,1,0,1,BA,CSCER048,ABSR2404,Sim1,-99,W3052401,2024,JP_NRNP06A,43.991,144.118,30,2024001,2024108,2024115,2024174,2024214,2024214,2024,89,6453,2736,2736,0,3162,0.02,13681,22.5,0.424,1.5,-99,-99,-99,-99,-99,0,0,304,347,104,243,0,18,4,1,40,-99,75,0,16,51,71,60,0.07,-99,-99,-99,-99,-99,-99,-99,-99,0,12817,12817,0,0,110800,110798,659,0.0,31.4,25.8,62.0,-99,13.3,10.9,26.3,-99,161.3,86.3,68.4,36.6,99,21.2,10.3,17.9,16.2,419.6,205.3,250.4,-99,-99,1,2024-08-01
306,307,10,1,0,1,BA,CSCER048,ABSR2404,Sim1,-99,W3062401,2024,JP_NRNP06A,43.991,144.118,30,2024001,2024108,2024115,2024174,2024214,2024214,2024,89,6458,2736,2736,0,3162,0.02,13681,22.5,0.424,1.5,-99,-99,-99,-99,-99,0,0,331,354,105,249,2,18,23,1,40,-99,80,0,13,52,76,65,0.069,-99,-99,-99,-99,-99,-99,-99,-99,0,12816,12816,0,0,110785,110782,675,0.0,27.8,25.1,61.3,-99,11.8,10.7,26.0,-99,161.4,80.8,68.4,34.3,99,21.0,10.3,17.8,16.2,419.6,232.2,256.9,-99,-99,1,2024-08-01
307,308,11,1,0,1,BA,CSCER048,ABSR2404,Sim1,-99,W3072401,2024,JP_NRNP06A,43.991,144.118,30,2024001,2024108,2024115,2024174,2024214,2024214,2024,89,6455,2736,2736,0,3162,0.02,13681,22.5,0.424,1.5,-99,-99,-99,-99,-99,0,0,331,354,105,249,0,18,25,1,40,-99,79,0,14,52,75,64,0.069,-99,-99,-99,-99,-99,-99,-99,-99,0,12816,12816,0,0,110782,110779,678,0.0,27.7,25.1,61.7,-99,11.8,10.6,26.2,-99,161.4,81.2,68.4,34.4,99,21.1,10.3,17.6,16.2,419.6,232.7,257.1,-99,-99,1,2024-08-01
308,309,12,1,0,1,BA,CSCER048,ABSR2404,Sim1,-99,W3082401,2024,JP_NRNP06A,43.991,144.118,30,2024001,2024108,2024115,2024174,2024214,2024214,2024,89,6452,2736,2736,0,3162,0.02,13681,22.5,0.424,1.5,-99,-99,-99,-99,-99,0,0,307,349,105,244,0,18,6,1,40,-99,75,0,16,51,71,60,0.07,-99,-99,-99,-99,-99,-99,-99,-99,0,12817,12817,0,0,110797,110794,662,0.0,31.0,25.6,61.7,-99,13.1,10.9,26.2,-99,161.3,85.8,68.4,36.4,99,21.2,10.4,17.7,16.2,419.6,208.3,251.6,-99,-99,1,2024-08-01
309,310,13,1,0,1,BA,CSCER048,ABSR2404,Sim1,-99,W3092401,2024,JP_NRNP06A,43.991,144.118,30,2024001,2024108,2024115,2024174,2024214,2024214,2024,89,6452,2736,2736,0,3162,0.02,13681,22.5,0.424,1.5,-99,-99,-99,-99,-99,0,0,306,348,104,244,0,18,6,1,40,-99,75,0,16,51,71,60,0.07,-99,-99,-99,-99,-99,-99,-99,-99,0,12817,12817,0,0,110797,110795,662,0.0,31.2,25.7,61.9,-99,13.2,10.9,26.2,-99,161.3,85.9,68.4,36.4,99,21.2,10.4,17.8,16.2,419.6,207.1,251.1,-99,-99,1,2024-08-01
310,311,14,1,0,1,BA,CSCER048,ABSR2404,Sim1,-99,W3102401,2024,JP_NRNP06A,43.991,144.118,30,2024001,2024108,2024115,2024174,2024214,2024214,2024,89,6454,2736,2736,0,3162,0.02,13681,22.5,0.424,1.5,-99,-99,-99,-99,-99,0,0,315,353,105,248,0,18,10,1,40,-99,78,0,14,52,74,63,0.07,-99,-99,-99,-99,-99,-99,-99,-99,0,12816,12816,0,0,110788,110785,672,0.0,29.8,25.2,61.5,-99,12.6,10.7,26.1,-99,161.4,82.5,68.4,35.0,99,21.1,10.3,17.7,16.2,419.6,216.4,256.1,-99,-99,1,2024-08-01
311,312,15,1,0,1,BA,CSCER048,ABSR2404,Sim1,-99,W3112401,2024,JP_NRNP06A,43.991,144.118,30,2024001,2024108,2024115,2024174,2024214,2024214,2024,89,6453,2736,2736,0,3162,0.02,13681,22.5,0.424,1.5,-99,-99,-99,-99,-99,0,0,306,348,104,244,0,18,6,1,40,-99,75,0,16,51,71,60,0.07,-99,-99,-99,-99,-99,-99,-99,-99,0,12817,12817,0,0,110800,110797,659,0.0,31.1,25.7,61.9,-99,13.2,10.9,26.3,-99,161.3,86.3,68.4,36.6,99,21.2,10.3,17.9,16.2,419.6,207.5,250.8,-99,-99,1,2024-08-01
312,313,16,1,0,1,BA,CSCER048,ABSR2404,Sim1,-99,W3122401,2024,JP_NRNP06A,43.991,144.118,30,2024001,2024108,2024115,2024174,2024214,2024214,2024,89,6454,2736,2736,0,3162,0.02,13681,22.5,0.424,1.5,-99,-99,-99,-99,-99,0,0,317,352,105,247,0,18,13,1,40,-99,77,0,14,51,73,62,0.07,-99,-99,-99,-99,-99,-99,-99,-99,0,12817,12817,0,0,110793,110791,666,0.0,29.5,25.3,61.4,-99,12.5,10.7,26.0,-99,161.4,83.5,68.4,35.4,99,20.9,10.2,17.8,16.2,419.6,218.9,255.2,-99,-99,1,2024-08-01
313,314,17,1,0,1,BA,CSCER048,ABSR2404,Sim1,-99,W3132401,2024,JP_NRNP06A,43.991,144.118,30,2024001,2024108,2024115,2024174,2024213,2024213,2024,89,6453,2737,2737,0,3163,0.02,13681,22.5,0.424,1.5,-99,-99,-99,-99,-99,0,0,305,347,104,243,0,18,6,1,40,-99,75,0,16,50,71,59,0.07,-99,-99,-99,-99,-99,-99,-99,-99,0,12818,12818,0,0,110805,110802,654,0.0,31.2,25.8,61.9,-99,13.2,10.9,26.2,-99,161.3,86.5,68.4,36.7,98,21.1,10.3,17.8,16.2,419.6,206.8,250.0,-99,-99,1,2024-07-31
314,315,18,1,0,1,BA,CSCER048,ABSR2404,Sim1,-99,W3142401,2024,JP_NRNP06A,43.991,144.118,30,2024001,2024108,2024115,2024174,2024213,2024213,2024,89,6453,2736,2736,0,3162,0.02,13681,22.5,0.424,1.5,-99,-99,-99,-99,-99,0,0,339,353,105,248,1,18,34,1,40,-99,77,0,14,51,73,62,0.069,-99,-99,-99,-99,-99,-99,-99,-99,0,12817,12817,0,0,110794,110791,666,0.0,26.8,25.2,61.6,-99,11.4,10.7,26.1,-99,161.3,83.5,68.4,35.4,98,21.2,10.4,17.7,16.2,419.6,240.9,256.1,-99,-99,1,2024-07-31
315,316,19,1,0,1,BA,CSCER048,ABSR2404,Sim1,-99,W3152401,2024,JP_NRNP06A,43.991,144.118,30,2024001,2024108,2024115,2024174,2024214,2024214,2024,89,6453,2736,2736,0,3162,0.02,13681,22.5,0.424,1.5,-99,-99,-99,-99,-99,0,0,328,354,105,249,0,18,23,1,40,-99,78,0,15,52,74,63,0.069,-99,-99,-99,-99,-99,-99,-99,-99,0,12816,12816,0,0,110787,110785,672,0.0,28.1,25.1,61.4,-99,11.9,10.7,26.0,-99,161.3,82.6,68.4,35.0,99,21.1,10.4,17.7,16.2,419.6,229.9,256.9,-99,-99,1,2024-08-01
316,317,20,1,0,1,BA,CSCER048,ABSR2404,Sim1,-99,W3162401,2024,JP_NRNP06A,43.991,144.118,30,2024001,2024108,2024115,2024174,2024214,2024214,2024,89,6454,2736,2736,0,3162,0.02,13681,22.5,0.424,1.5,-99,-99,-99,-99,-99,0,0,309,352,105,246,0,18,5,1,40,-99,77,0,15,51,72,61,0.07,-99,-99,-99,-99,-99,-99,-99,-99,0,12817,12817,0,0,110792,110790,667,0.0,30.7,25.3,61.3,-99,13.0,10.7,26.0,-99,161.3,84.3,68.4,35.8,99,21.2,10.4,17.8,16.2,419.6,210.5,254.6,-99,-99,1,2024-08-01
317,318,21,1,0,1,BA,CSCER048,ABSR2404,Sim1,-99,W3172401,2024,JP_NRNP06A,43.991,144.118,30,2024001,2024108,2024115,2024174,2024214,2024214,2024,89,6453,2736,2736,0,3162,0.02,13681,22.5,0.424,1.5,-99,-99,-99,-99,-99,0,0,304,347,104,243,0,18,4,1,40,-99,75,0,16,50,71,60,0.07,-99,-99,-99,-99,-99,-99,-99,-99,0,12818,12817,0,0,110801,110798,659,0.0,31.4,25.8,62.0,-99,13.3,10.9,26.3,-99,161.3,86.3,68.4,36.6,99,21.2,10.3,18.0,16.2,419.6,205.3,250.4,-99,-99,1,2024-08-01
318,319,22,1,0,1,BA,CSCER048,ABSR2404,Sim1,-99,W3182401,2024,JP_NRNP06A,43.991,144.118,30,2024001,2024108,2024115,2024174,2024213,2024213,2024,89,6452,2736,2736,0,3162,0.02,13681,22.5,0.424,1.5,-99,-99,-99,-99,-99,0,0,304,346,104,242,0,18,5,1,40,-99,74,0,16,50,70,59,0.07,-99,-99,-99,-99,-99,-99,-99,-99,0,12818,12818,0,0,110806,110803,654,0.0,31.4,25.9,62.0,-99,13.3,11.0,26.3,-99,161.3,86.6,68.4,36.7,98,21.2,10.4,18.0,16.2,419.6,205.3,249.5,-99,-99,1,2024-07-31
319,320,23,1,0,1,BA,CSCER048,ABSR2404,Sim1,-99,W3192401,2024,JP_NRNP06A,43.991,144.118,30,2024001,2024108,2024115,2024174,2024214,2024214,2024,89,6453,2736,2736,0,3162,0.02,13681,22.5,0.424,1.5,-99,-99,-99,-99,-99,0,0,307,350,104,245,0,18,6,1,40,-99,76,0,15,51,72,61,0.07,-99,-99,-99,-99,-99,-99,-99,-99,0,12817,12817,0,0,110796,110793,664,0.0,30.9,25.5,61.8,-99,13.1,10.8,26.2,-99,161.3,85.0,68.4,36.1,99,21.1,10.3,17.6,16.2,419.6,209.0,252.6,-99,-99,1,2024-08-01
320,321,24,1,0,1,BA,CSCER048,ABSR2404,Sim1,-99,W3202401,2024,JP_NRNP06A,43.991,144.118,30,2024001,2024108,2024115,2024174,2024214,2024214,2024,89,6454,2736,2736,0,3162,0.02,13681,22.5,0.424,1.5,-99,-99,-99,-99,-99,0,0,340,352,104,247,0,18,36,1,40,-99,79,0,14,52,75,64,0.069,-99,-99,-99,-99,-99,-99,-99,-99,0,12816,12816,0,0,110785,110783,674,0.0,26.7,25.3,61.8,-99,11.3,10.7,26.2,-99,161.3,81.4,68.4,34.5,99,21.0,10.3,17.5,16.2,419.6,241.3,254.8,-99,-99,1,2024-08-01
321,322,25,1,0,1,BA,CSCER048,ABSR2404,Sim1,-99,W3212401,2024,JP_NRNP06A,43.991,144.118,30,2024001,2024108,2024115,2024174,2024214,2024214,2024,89,6454,2736,2736,0,3162,0.02,13681,22.5,0.424,1.5,-99,-99,-99,-99,-99,0,0,325,355,105,250,0,18,18,1,40,-99,79,0,14,52,75,64,0.069,-99,-99,-99,-99,-99,-99,-99,-99,0,12816,12816,0,0,110784,110781,676,0.0,28.5,25.0,61.5,-99,12.1,10.6,26.1,-99,161.4,81.7,68.4,34.7,99,21.1,10.3,17.7,16.2,419.6,226.5,258.3,-99,-99,1,2024-08-01
322,323,26,1,0,1,BA,CSCER048,ABSR2404,Sim1,-99,W3222401,2024,JP_NRNP06A,43.991,144.118,30,2024001,2024108,2024115,2024174,2024214,2024214,2024,89,6454,2736,2736,0,3162,0.02,13681,22.5,0.424,1.5,-99,-99,-99,-99,-99,0,0,318,352,105,247,0,18,13,1,40,-99,78,0,15,51,74,63,0.069,-99,-99,-99,-99,-99,-99,-99,-99,0,12817,12817,0,0,110792,110789,667,0.0,29.4,25.3,61.5,-99,12.5,10.7,26.1,-99,161.3,83.0,68.4,35.2,99,21.1,10.3,17.7,16.2,419.6,219.3,255.4,-99,-99,1,2024-08-01
323,324,27,1,0,1,BA,CSCER048,ABSR2404,Sim1,-99,W3232401,2024,JP_NRNP06A,43.991,144.118,30,2024001,2024108,2024115,2024174,2024213,2024213,2024,89,6452,2736,2736,0,3162,0.02,13681,22.5,0.424,1.5,-99,-99,-99,-99,-99,0,0,320,352,105,247,0,18,16,1,40,-99,78,0,14,51,74,63,0.069,-99,-99,-99,-99,-99,-99,-99,-99,0,12817,12817,0,0,110792,110789,668,0.0,29.1,25.3,61.5,-99,12.3,10.7,26.1,-99,161.3,82.9,68.4,35.2,98,21.1,10.3,17.8,16.2,419.6,221.8,255.3,-99,-99,1,2024-07-31
324,325,28,1,0,1,BA,CSCER048,ABSR2404,Sim1,-99,W3242401,2024,JP_NRNP06A,43.991,144.118,30,2024001,2024108,2024115,2024174,2024214,2024214,2024,89,6453,2727,2727,0,3153,0.0199,13681,22.5,0.423,1.5,-99,-99,-99,-99,-99,0,0,311,351,105,246,0,18,9,1,40,-99,77,0,14,51,73,62,0.07,-99,-99,-99,-99,-99,-99,-99,-99,0,12817,12817,0,0,110795,110793,664,0.0,30.3,25.4,61.6,-99,12.8,10.7,26.0,-99,161.3,83.9,68.2,35.5,99,21.0,10.2,17.7,16.2,419.6,212.9,253.9,-99,-99,1,2024-08-01
325,326,29,1,0,1,BA,CSCER048,ABSR2404,Sim1,-99,W3252401,2024,JP_NRNP06A,43.991,144.118,30,2024001,2024108,2024115,2024174,2024213,2024213,2024,89,6452,2736,2736,0,3162,0.02,13681,22.5,0.424,1.5,-99,-99,-99,-99,-99,0,0,306,347,104,243,0,18,7,1,40,-99,74,0,16,50,70,59,0.07,-99,-99,-99,-99,-99,-99,-99,-99,0,12818,12818,0,0,110806,110803,653,0.0,31.1,25.8,61.9,-99,13.2,11.0,26.3,-99,161.3,86.7,68.4,36.8,98,21.1,10.4,17.7,16.2,419.6,207.4,249.7,-99,-99,1,2024-07-31
326,327,30,1,0,1,BA,CSCER048,ABSR2404,Sim1,-99,W3262401,2024,JP_NRNP06A,43.991,144.118,30,2024001,2024108,2024115,2024174,2024214,2024214,2024,89,6454,2736,2736,0,3162,0.02,13681,22.5,0.424,1.5,-99,-99,-99,-99,-99,0,0,343,352,105,247,1,18,38,1,40,-99,78,0,15,51,74,62,0.069,-99,-99,-99,-99,-99,-99,-99,-99,0,12817,12817,0,0,110790,110788,669,0.0,26.4,25.3,61.6,-99,11.2,10.7,26.1,-99,161.4,83.2,68.4,35.3,99,21.1,10.3,17.6,16.2,419.6,244.3,255.1,-99,-99,1,2024-08-01
327,328,31,1,0,1,BA,CSCER048,ABSR2404,Sim1,-99,W3272401,2024,JP_NRNP06A,43.991,144.118,30,2024001,2024108,2024115,2024174,2024214,2024214,2024,89,6454,2736,2736,0,3162,0.02,13681,22.5,0.424,1.5,-99,-99,-99,-99,-99,0,0,325,357,105,252,0,18,15,1,40,-99,79,0,14,52,75,64,0.069,-99,-99,-99,-99,-99,-99,-99,-99,0,12816,12816,0,0,110784,110782,675,0.0,28.5,24.8,61.3,-99,12.1,10.5,26.0,-99,161.3,81.6,68.4,34.6,99,21.0,10.3,17.9,16.2,419.6,226.1,260.5,-99,-99,1,2024-08-01
328,329,32,1,0,1,BA,CSCER048,ABSR2404,Sim1,-99,W3282401,2024,JP_NRNP06A,43.991,144.118,30,2024001,2024108,2024115,2024174,2024214,2024214,2024,89,6456,2736,2736,0,3162,0.02,13681,22.5,0.424,1.5,-99,-99,-99,-99,-99,0,0,322,352,105,248,0,18,17,1,40,-99,78,0,15,51,74,63,0.069,-99,-99,-99,-99,-99,-99,-99,-99,0,12817,12817,0,0,110792,110789,668,0.0,28.9,25.3,61.7,-99,12.3,10.7,26.2,-99,161.4,82.9,68.4,35.1,99,21.0,10.3,17.7,16.2,419.6,223.2,255.2,-99,-99,1,2024-08-01
329,330,33,1,0,1,BA,CSCER048,ABSR2404,Sim1,-99,W3292401,2024,JP_NRNP06A,43.991,144.118,30,2024001,2024108,2024115,2024174,2024214,2024214,2024,89,6454,2736,2736,0,3162,0.02,13681,22.5,0.424,1.5,-99,-99,-99,-99,-99,0,0,305,348,105,244,0,18,5,1,40,-99,75,0,16,50,71,60,0.07,-99,-99,-99,-99,-99,-99,-99,-99,0,12818,12817,0,0,110801,110798,659,0.0,31.2,25.7,61.8,-99,13.2,10.9,26.2,-99,161.4,86.3,68.4,36.6,99,21.1,10.3,17.8,16.2,419.6,207.0,251.3,-99,-99,1,2024-08-01
330,331,34,1,0,1,BA,CSCER048,ABSR2404,Sim1,-99,W3302401,2024,JP_NRNP06A,43.991,144.118,30,2024001,2024108,2024115,2024174,2024213,2024213,2024,89,6453,2736,2736,0,3162,0.02,13681,22.5,0.424,1.5,-99,-99,-99,-99,-99,0,0,310,349,104,244,0,18,9,1,40,-99,76,0,16,50,72,60,0.07,-99,-99,-99,-99,-99,-99,-99,-99,0,12818,12818,0,0,110802,110799,657,0.0,30.5,25.6,61.8,-99,12.9,10.9,26.2,-99,161.3,85.4,68.4,36.2,98,21.1,10.3,17.8,16.2,419.6,211.6,251.8,-99,-99,1,2024-07-31
331,332,35,1,0,1,BA,CSCER048,ABSR2404,Sim1,-99,W3312401,2024,JP_NRNP06A,43.991,144.118,30,2024001,2024108,2024115,2024174,2024215,2024215,2024,89,6453,2736,2736,0,3162,0.02,13681,22.5,0.424,1.5,-99,-99,-99,-99,-99,0,0,315,352,105,247,0,18,11,1,40,-99,77,0,15,51,73,62,0.07,-99,-99,-99,-99,-99,-99,-99,-99,0,12817,12816,0,0,110790,110788,669,0.0,29.8,25.3,61.6,-99,12.6,10.7,26.1,-99,161.3,83.4,68.4,35.4,100,20.9,10.2,17.5,16.2,419.6,216.4,254.9,-99,-99,1,2024-08-02
332,333,36,1,0,1,BA,CSCER048,ABSR2404,Sim1,-99,W3322401,2024,JP_NRNP06A,43.991,144.118,30,2024001,2024108,2024115,2024174,2024214,2024214,2024,89,6455,2736,2736,0,3162,0.02,13681,22.5,0.424,1.5,-99,-99,-99,-99,-99,0,0,311,352,105,246,0,18,7,1,40,-99,78,0,14,52,74,63,0.07,-99,-99,-99,-99,-99,-99,-99,-99,0,12816,12816,0,0,110788,110786,671,0.0,30.4,25.4,61.3,-99,12.9,10.7,26.0,-99,161.4,83.1,68.4,35.2,99,21.1,10.3,17.9,16.2,419.6,212.4,254.6,-99,-99,1,2024-08-01
333,334,37,1,0,1,BA,CSCER048,ABSR2404,Sim1,-99,W3332401,2024,JP_NRNP06A,43.991,144.118,30,2024001,2024108,2024115,2024174,2024214,2024214,2024,89,6454,2736,2736,0,3162,0.02,13681,22.5,0.424,1.5,-99,-99,-99,-99,-99,0,0,313,354,105,249,0,18,7,1,40,-99,78,0,14,51,74,63,0.07,-99,-99,-99,-99,-99,-99,-99,-99,0,12817,12816,0,0,110789,110787,670,0.0,30.1,25.1,61.3,-99,12.8,10.6,26.0,-99,161.4,83.1,68.4,35.2,99,21.1,10.3,17.8,16.2,419.6,214.6,257.5,-99,-99,1,2024-08-01
334,335,38,1,0,1,BA,CSCER048,ABSR2404,Sim1,-99,W3342401,2024,JP_NRNP06A,43.991,144.118,30,2024001,2024108,2024115,2024174,2024214,2024214,2024,89,6453,2736,2736,0,3162,0.02,13681,22.5,0.424,1.5,-99,-99,-99,-99,-99,0,0,312,350,104,245,0,18,10,1,40,-99,76,0,15,51,72,61,0.07,-99,-99,-99,-99,-99,-99,-99,-99,0,12817,12817,0,0,110794,110791,666,0.0,30.2,25.5,61.8,-99,12.8,10.8,26.2,-99,161.3,84.5,68.4,35.8,99,21.1,10.4,17.5,16.2,419.6,213.4,252.7,-99,-99,1,2024-08-01
335,336,39,1,0,1,BA,CSCER048,ABSR2404,Sim1,-99,W3352401,2024,JP_NRNP06A,43.991,144.118,30,2024001,2024108,2024115,2024174,2024214,2024214,2024,89,6454,2736,2736,0,3162,0.02,13681,22.5,0.424,1.5,-99,-99,-99,-99,-99,0,0,335,355,105,250,1,18,27,1,40,-99,79,0,14,52,75,64,0.069,-99,-99,-99,-99,-99,-99,-99,-99,0,12816,12816,0,0,110789,110786,670,0.0,27.3,25.1,61.6,-99,11.6,10.6,26.1,-99,161.3,81.8,68.4,34.7,99,20.9,10.2,17.7,16.2,419.6,236.2,257.6,-99,-99,1,2024-08-01
336,337,40,1,0,1,BA,CSCER048,ABSR2404,Sim1,-99,W3362401,2024,JP_NRNP06A,43.991,144.118,30,2024001,2024108,2024115,2024174,2024214,2024214,2024,89,6453,2736,2736,0,3162,0.02,13681,22.5,0.424,1.5,-99,-99,-99,-99,-99,0,0,325,348,104,244,0,18,25,1,40,-99,75,0,16,51,71,60,0.07,-99,-99,-99,-99,-99,-99,-99,-99,0,12817,12817,0,0,110799,110797,660,0.0,28.5,25.7,61.9,-99,12.1,10.9,26.2,-99,161.3,86.2,68.4,36.6,99,21.2,10.4,17.7,16.2,419.6,226.1,251.0,-99,-99,1,2024-08-01
337,338,41,1,0,1,BA,CSCER048,ABSR2404,Sim1,-99,W3372401,2024,JP_NRNP06A,43.991,144.118,30,2024001,2024108,2024115,2024174,2024214,2024214,2024,89,6454,2736,2736,0,3162,0.02,13681,22.5,0.424,1.5,-99,-99,-99,-99,-99,0,0,316,351,105,247,0,18,13,1,40,-99,77,0,16,51,73,62,0.07,-99,-99,-99,-99,-99,-99,-99,-99,0,12817,12817,0,0,110795,110793,664,0.0,29.6,25.4,61.6,-99,12.6,10.8,26.1,-99,161.4,84.0,68.4,35.6,99,21.1,10.3,17.8,16.2,419.6,217.9,254.3,-99,-99,1,2024-08-01
338,339,42,1,0,1,BA,CSCER048,ABSR2404,Sim1,-99,W3382401,2024,JP_NRNP06A,43.991,144.118,30,2024001,2024108,2024115,2024174,2024215,2024215,2024,89,6454,2736,2736,0,3162,0.02,13681,22.5,0.424,1.5,-99,-99,-99,-99,-99,0,0,317,355,105,249,0,18,10,1,40,-99,77,0,15,51,73,62,0.07,-99,-99,-99,-99,-99,-99,-99,-99,0,12817,12817,0,0,110793,110790,667,0.0,29.6,25.1,61.4,-99,12.5,10.6,26.0,-99,161.4,83.7,68.4,35.5,100,20.9,10.2,17.8,16.2,419.6,218.3,257.6,-99,-99,1,2024-08-02
339,340,43,1,0,1,BA,CSCER048,ABSR2404,Sim1,-99,W3392401,2024,JP_NRNP06A,43.991,144.118,30,2024001,2024108,2024115,2024174,2024214,2024214,2024,89,6454,2736,2736,0,3162,0.02,13681,22.5,0.424,1.5,-99,-99,-99,-99,-99,0,0,326,349,104,244,0,18,26,1,40,-99,76,0,16,51,72,61,0.07,-99,-99,-99,-99,-99,-99,-99,-99,0,12817,12817,0,0,110799,110796,660,0.0,28.3,25.6,61.9,-99,12.0,10.9,26.2,-99,161.4,85.2,68.4,36.1,99,21.0,10.3,17.7,16.2,419.6,227.8,251.8,-99,-99,1,2024-08-01
340,341,44,1,0,1,BA,CSCER048,ABSR2404,Sim1,-99,W3402401,2024,JP_NRNP06A,43.991,144.118,30,2024001,2024108,2024115,2024174,2024213,2024213,2024,89,6453,2736,2736,0,3162,0.02,13681,22.5,0.424,1.5,-99,-99,-99,-99,-99,0,0,304,346,104,242,0,18,5,1,40,-99,74,0,16,50,70,59,0.07,-99,-99,-99,-99,-99,-99,-99,-99,0,12818,12818,0,0,110806,110803,654,0.0,31.4,25.9,62.0,-99,13.3,11.0,26.3,-99,161.3,86.7,68.4,36.7,98,21.2,10.4,17.9,16.2,419.6,205.3,249.5,-99,-99,1,2024-07-31
341,342,45,1,0,1,BA,CSCER048,ABSR2404,Sim1,-99,W3412401,2024,JP_NRNP06A,43.991,144.118,30,2024001,2024108,2024115,2024174,2024214,2024214,2024,89,6455,2736,2736,0,3162,0.02,13681,22.5,0.424,1.5,-99,-99,-99,-99,-99,0,0,321,354,105,249,0,18,15,1,40,-99,79,0,14,52,75,64,0.069,-99,-99,-99,-99,-99,-99,-99,-99,0,12816,12816,0,0,110784,110782,675,0.0,29.0,25.1,61.4,-99,12.3,10.6,26.0,-99,161.4,81.8,68.4,34.7,99,21.1,10.3,17.8,16.2,419.6,222.4,257.3,-99,-99,1,2024-08-01
342,343,46,1,0,1,BA,CSCER048,ABSR2404,Sim1,-99,W3422401,2024,JP_NRNP06A,43.991,144.118,30,2024001,2024108,2024115,2024174,2024214,2024214,2024,89,6453,2736,2736,0,3162,0.02,13681,22.5,0.424,1.5,-99,-99,-99,-99,-99,0,0,322,354,105,249,0,18,16,1,40,-99,79,0,14,52,75,64,0.069,-99,-99,-99,-99,-99,-99,-99,-99,0,12816,12816,0,0,110781,110778,679,0.0,28.9,25.1,61.6,-99,12.3,10.7,26.1,-99,161.3,81.3,68.4,34.5,99,21.1,10.4,17.6,16.2,419.6,223.3,256.9,-99,-99,1,2024-08-01
343,344,47,1,0,1,BA,CSCER048,ABSR2404,Sim1,-99,W3432401,2024,JP_NRNP06A,43.991,144.118,30,2024001,2024108,2024115,2024174,2024214,2024214,2024,89,6454,2736,2736,0,3162,0.02,13681,22.5,0.424,1.5,-99,-99,-99,-99,-99,0,0,304,347,104,243,0,18,4,1,40,-99,75,0,16,50,71,60,0.07,-99,-99,-99,-99,-99,-99,-99,-99,0,12818,12818,0,0,110803,110800,657,0.0,31.4,25.8,61.9,-99,13.3,10.9,26.3,-99,161.4,86.4,68.4,36.6,99,21.1,10.3,17.9,16.2,419.6,205.3,250.5,-99,-99,1,2024-08-01
344,345,48,1,0,1,BA,CSCER048,ABSR2404,Sim1,-99,W3442401,2024,JP_NRNP06A,43.991,144.118,30,2024001,2024108,2024115,2024174,2024214,2024214,2024,89,6455,2736,2736,0,3162,0.02,13681,22.5,0.424,1.5,-99,-99,-99,-99,-99,0,0,321,348,104,244,0,18,20,1,40,-99,75,0,16,50,71,60,0.07,-99,-99,-99,-99,-99,-99,-99,-99,0,12818,12817,0,0,110801,110798,659,0.0,29.0,25.7,61.8,-99,12.3,10.9,26.2,-99,161.4,86.3,68.4,36.6,99,21.0,10.3,17.6,16.2,419.6,222.3,251.3,-99,-99,1,2024-08-01
345,346,49,1,0,1,BA,CSCER048,ABSR2404,Sim1,-99,W3452401,2024,JP_NRNP06A,43.991,144.118,30,2024001,2024108,2024115,2024174,2024213,2024213,2024,89,6453,2736,2736,0,3162,0.02,13681,22.5,0.424,1.5,-99,-99,-99,-99,-99,0,0,304,346,104,242,0,18,5,1,40,-99,74,0,15,50,70,59,0.07,-99,-99,-99,-99,-99,-99,-99,-99,0,12818,12818,0,0,110806,110804,653,0.0,31.4,25.9,62.0,-99,13.3,11.0,26.3,-99,161.3,86.7,68.4,36.8,98,21.2,10.4,17.9,16.2,419.6,205.3,249.5,-99,-99,1,2024-07-31
346,347,50,1,0,1,BA,CSCER048,ABSR2404,Sim1,-99,W3462401,2024,JP_NRNP06A,43.991,144.118,30,2024001,2024108,2024115,2024174,2024214,2024214,2024,89,6453,2736,2736,0,3162,0.02,13681,22.5,0.424,1.5,-99,-99,-99,-99,-99,0,0,304,347,104,243,0,18,4,1,40,-99,75,0,16,50,71,60,0.07,-99,-99,-99,-99,-99,-99,-99,-99,0,12818,12817,0,0,110802,110799,658,0.0,31.4,25.8,61.9,-99,13.3,10.9,26.2,-99,161.3,86.4,68.4,36.6,99,21.2,10.3,18.0,16.2,419.6,205.3,250.5,-99,-99,1,2024-08-01
347,348,51,1,0,1,BA,CSCER048,ABSR2404,Sim1,-99,W3472401,2024,JP_NRNP06A,43.991,144.118,30,2024001,2024108,2024115,2024174,2024214,2024214,2024,89,6454,2736,2736,0,3162,0.02,13681,22.5,0.424,1.5,-99,-99,-99,-99,-99,0,0,307,348,104,244,0,18,7,1,40,-99,75,0,16,50,71,60,0.07,-99,-99,-99,-99,-99,-99,-99,-99,0,12818,12818,0,0,110802,110800,657,0.0,31.0,25.7,61.9,-99,13.1,10.9,26.2,-99,161.3,86.4,68.4,36.6,99,21.0,10.3,17.7,16.2,419.6,208.5,250.8,-99,-99,1,2024-08-01
348,349,52,1,0,1,BA,CSCER048,ABSR2404,Sim1,-99,W3482401,2024,JP_NRNP06A,43.991,144.118,30,2024001,2024108,2024115,2024174,2024214,2024214,2024,89,6453,2736,2736,0,3162,0.02,13681,22.5,0.424,1.5,-99,-99,-99,-99,-99,0,0,307,349,105,244,0,18,6,1,40,-99,76,0,15,51,72,60,0.07,-99,-99,-99,-99,-99,-99,-99,-99,0,12817,12817,0,0,110796,110793,664,0.0,31.0,25.6,61.7,-99,13.1,10.9,26.2,-99,161.3,85.4,68.4,36.2,99,21.1,10.4,17.7,16.2,419.6,208.4,251.9,-99,-99,1,2024-08-01
349,350,53,1,0,1,BA,CSCER048,ABSR2404,Sim1,-99,W3492401,2024,JP_NRNP06A,43.991,144.118,30,2024001,2024108,2024115,2024174,2024214,2024214,2024,89,6454,2736,2736,0,3162,0.02,13681,22.5,0.424,1.5,-99,-99,-99,-99,-99,0,0,307,350,105,246,0,18,4,1,40,-99,76,0,15,51,72,61,0.07,-99,-99,-99,-99,-99,-99,-99,-99,0,12817,12817,0,0,110797,110794,662,0.0,31.0,25.5,61.7,-99,13.1,10.8,26.2,-99,161.3,85.1,68.4,36.1,99,21.1,10.3,17.8,16.2,419.6,208.4,253.5,-99,-99,1,2024-08-01
350,351,54,1,0,1,BA,CSCER048,ABSR2404,Sim1,-99,W3502401,2024,JP_NRNP06A,43.991,144.118,30,2024001,2024108,2024115,2024174,2024214,2024214,2024,89,6453,2736,2736,0,3162,0.02,13681,22.5,0.424,1.5,-99,-99,-99,-99,-99,0,0,324,357,105,252,0,18,16,1,40,-99,79,0,14,52,75,64,0.069,-99,-99,-99,-99,-99,-99,-99,-99,0,12816,12816,0,0,110785,110782,675,0.0,28.6,24.9,61.4,-99,12.1,10.5,26.0,-99,161.3,81.5,68.4,34.6,99,21.0,10.3,17.8,16.2,419.6,225.8,259.6,-99,-99,1,2024-08-01
351,352,55,1,0,1,BA,CSCER048,ABSR2404,Sim1,-99,W3512401,2024,JP_NRNP06A,43.991,144.118,30,2024001,2024108,2024115,2024174,2024214,2024214,2024,89,6453,2736,2736,0,3162,0.02,13681,22.5,0.424,1.5,-99,-99,-99,-99,-99,0,0,310,350,105,245,0,18,8,1,40,-99,76,0,15,51,72,61,0.07,-99,-99,-99,-99,-99,-99,-99,-99,0,12817,12817,0,0,110796,110793,664,0.0,30.5,25.5,61.8,-99,12.9,10.8,26.2,-99,161.3,84.9,68.4,36.0,99,21.2,10.3,17.7,16.2,419.6,211.4,253.0,-99,-99,1,2024-08-01
352,353,56,1,0,1,BA,CSCER048,ABSR2404,Sim1,-99,W3522401,2024,JP_NRNP06A,43.991,144.118,30,2024001,2024108,2024115,2024174,2024214,2024214,2024,89,6453,2736,2736,0,3162,0.02,13681,22.5,0.424,1.5,-99,-99,-99,-99,-99,0,0,321,352,104,248,0,18,17,1,40,-99,79,0,14,52,74,63,0.069,-99,-99,-99,-99,-99,-99,-99,-99,0,12816,12816,0,0,110786,110783,673,0.0,29.0,25.3,61.8,-99,12.3,10.7,26.2,-99,161.3,82.1,68.4,34.8,99,21.0,10.2,17.5,16.2,419.6,222.7,255.4,-99,-99,1,2024-08-01
353,354,57,1,0,1,BA,CSCER048,ABSR2404,Sim1,-99,W3532401,2024,JP_NRNP06A,43.991,144.118,30,2024001,2024108,2024115,2024174,2024214,2024214,2024,89,6452,2736,2736,0,3162,0.02,13681,22.5,0.424,1.5,-99,-99,-99,-99,-99,0,0,329,353,104,249,0,18,24,1,40,-99,79,0,14,52,75,64,0.069,-99,-99,-99,-99,-99,-99,-99,-99,0,12816,12816,0,0,110784,110781,676,0.0,28.0,25.2,61.8,-99,11.9,10.7,26.2,-99,161.3,81.8,68.4,34.7,99,21.1,10.4,17.5,16.2,419.6,230.5,256.2,-99,-99,1,2024-08-01
354,355,58,1,0,1,BA,CSCER048,ABSR2404,Sim1,-99,W3542401,2024,JP_NRNP06A,43.991,144.118,30,2024001,2024108,2024115,2024174,2024213,2024213,2024,89,6451,2736,2736,0,3162,0.02,13681,22.5,0.424,1.5,-99,-99,-99,-99,-99,0,0,305,347,104,243,0,18,6,1,40,-99,75,0,15,50,71,60,0.07,-99,-99,-99,-99,-99,-99,-99,-99,0,12818,12818,0,0,110804,110801,656,0.0,31.2,25.8,61.9,-99,13.2,10.9,26.2,-99,161.3,86.2,68.4,36.6,98,21.2,10.4,17.8,16.2,419.6,206.6,250.5,-99,-99,1,2024-07-31
355,356,59,1,0,1,BA,CSCER048,ABSR2404,Sim1,-99,W3552401,2024,JP_NRNP06A,43.991,144.118,30,2024001,2024108,2024115,2024174,2024214,2024214,2024,89,6453,2736,2736,0,3162,0.02,13681,22.5,0.424,1.5,-99,-99,-99,-99,-99,0,0,323,352,105,247,0,18,20,1,40,-99,78,0,15,52,74,63,0.069,-99,-99,-99,-99,-99,-99,-99,-99,0,12816,12816,0,0,110789,110786,671,0.0,28.7,25.3,61.7,-99,12.2,10.7,26.2,-99,161.3,82.7,68.4,35.1,99,21.2,10.4,17.6,16.2,419.6,224.8,254.6,-99,-99,1,2024-08-01
356,357,60,1,0,1,BA,CSCER048,ABSR2404,Sim1,-99,W3562401,2024,JP_NRNP06A,43.991,144.118,30,2024001,2024108,2024115,2024174,2024214,2024214,2024,89,6460,2734,2734,0,3160,0.02,13681,22.5,0.423,1.5,-99,-99,-99,-99,-99,0,0,324,353,105,248,1,18,19,1,40,-99,79,0,13,52,75,64,0.069,-99,-99,-99,-99,-99,-99,-99,-99,0,12816,12816,0,0,110788,110785,672,0.0,28.6,25.2,61.4,-99,12.1,10.7,26.0,-99,161.5,82.0,68.4,34.7,99,21.0,10.2,17.9,16.2,419.6,225.9,256.1,-99,-99,1,2024-08-01
357,358,61,1,0,1,BA,CSCER048,ABSR2404,Sim1,-99,W3572401,2024,JP_NRNP06A,43.991,144.118,30,2024001,2024108,2024115,2024174,2024213,2024213,2024,89,6452,2736,2736,0,3162,0.02,13681,22.5,0.424,1.5,-99,-99,-99,-99,-99,0,0,324,348,104,244,0,18,24,1,40,-99,75,0,16,50,71,59,0.07,-99,-99,-99,-99,-99,-99,-99,-99,0,12818,12818,0,0,110804,110801,655,0.0,28.6,25.7,61.9,-99,12.1,10.9,26.3,-99,161.3,86.5,68.4,36.7,98,21.2,10.4,17.7,16.2,419.6,225.4,251.2,-99,-99,1,2024-07-31
358,359,62,1,0,1,BA,CSCER048,ABSR2404,Sim1,-99,W3582401,2024,JP_NRNP06A,43.991,144.118,30,2024001,2024108,2024115,2024174,2024214,2024214,2024,89,6453,2736,2736,0,3162,0.02,13681,22.5,0.424,1.5,-99,-99,-99,-99,-99,0,0,304,347,104,243,0,18,4,1,40,-99,75,0,16,50,71,60,0.07,-99,-99,-99,-99,-99,-99,-99,-99,0,12818,12817,0,0,110801,110798,659,0.0,31.4,25.8,62.0,-99,13.3,10.9,26.3,-99,161.3,86.3,68.4,36.6,99,21.2,10.4,18.0,16.2,419.6,205.3,250.5,-99,-99,1,2024-08-01
359,360,63,1,0,1,BA,CSCER048,ABSR2404,Sim1,-99,W3592401,2024,JP_NRNP06A,43.991,144.118,30,2024001,2024108,2024115,2024174,2024213,2024213,2024,89,6451,2736,2736,0,3162,0.02,13681,22.5,0.424,1.5,-99,-99,-99,-99,-99,0,0,307,347,104,243,0,18,8,1,40,-99,75,0,16,50,71,60,0.07,-99,-99,-99,-99,-99,-99,-99,-99,0,12818,12818,0,0,110804,110801,656,0.0,31.0,25.8,61.8,-99,13.1,10.9,26.2,-99,161.3,86.4,68.4,36.6,98,21.2,10.4,17.8,16.2,419.6,208.3,250.2,-99,-99,1,2024-07-31
360,361,64,1,0,1,BA,CSCER048,ABSR2404,Sim1,-99,W3602401,2024,JP_NRNP06A,43.991,144.118,30,2024001,2024108,2024115,2024174,2024213,2024213,2024,89,6452,2737,2737,0,3163,0.02,13681,22.5,0.424,1.5,-99,-99,-99,-99,-99,0,0,306,347,105,243,0,18,7,1,40,-99,75,0,16,50,71,60,0.07,-99,-99,-99,-99,-99,-99,-99,-99,0,12818,12818,0,0,110803,110800,657,0.0,31.1,25.8,61.7,-99,13.2,10.9,26.2,-99,161.3,86.2,68.4,36.6,98,21.1,10.3,17.9,16.2,419.6,207.6,250.4,-99,-99,1,2024-07-31
361,362,65,1,0,1,BA,CSCER048,ABSR2404,Sim1,-99,W3612401,2024,JP_NRNP06A,43.991,144.118,30,2024001,2024108,2024115,2024174,2024214,2024214,2024,89,6452,2735,2735,0,3161,0.02,13681,22.5,0.424,1.5,-99,-99,-99,-99,-99,0,0,307,349,104,245,0,18,6,1,40,-99,76,0,15,51,72,61,0.07,-99,-99,-99,-99,-99,-99,-99,-99,0,12817,12817,0,0,110798,110796,661,0.0,30.9,25.6,61.8,-99,13.1,10.8,26.2,-99,161.3,85.0,68.4,36.0,99,20.9,10.2,17.6,16.2,419.6,209.0,252.3,-99,-99,1,2024-08-01
362,363,66,1,0,1,BA,CSCER048,ABSR2404,Sim1,-99,W3622401,2024,JP_NRNP06A,43.991,144.118,30,2024001,2024108,2024115,2024174,2024213,2024213,2024,89,6452,2737,2737,0,3163,0.02,13681,22.5,0.424,1.5,-99,-99,-99,-99,-99,0,0,306,347,105,243,0,18,7,1,40,-99,75,0,16,50,71,60,0.07,-99,-99,-99,-99,-99,-99,-99,-99,0,12818,12818,0,0,110803,110800,657,0.0,31.1,25.8,61.7,-99,13.2,10.9,26.2,-99,161.3,86.2,68.4,36.6,98,21.1,10.3,17.9,16.2,419.6,207.6,250.4,-99,-99,1,2024-07-31
363,364,67,1,0,1,BA,CSCER048,ABSR2404,Sim1,-99,W3632401,2024,JP_NRNP06A,43.991,144.118,30,2024001,2024108,2024115,2024174,2024214,2024214,2024,89,6455,2736,2736,0,3162,0.02,13681,22.5,0.424,1.5,-99,-99,-99,-99,-99,0,0,336,355,106,249,2,18,27,1,40,-99,80,0,13,52,76,65,0.069,-99,-99,-99,-99,-99,-99,-99,-99,0,12816,12816,0,0,110782,110780,677,0.0,27.2,25.0,61.1,-99,11.5,10.6,25.9,-99,161.4,80.7,68.4,34.2,99,21.1,10.4,18.0,16.2,419.6,237.2,258.2,-99,-99,1,2024-08-01
364,365,68,1,0,1,BA,CSCER048,ABSR2404,Sim1,-99,W3642401,2024,JP_NRNP06A,43.991,144.118,30,2024001,2024108,2024115,2024174,2024214,2024214,2024,89,6453,2736,2736,0,3162,0.02,13681,22.5,0.424,1.5,-99,-99,-99,-99,-99,0,0,323,355,105,250,0,18,16,1,40,-99,79,0,14,52,75,64,0.069,-99,-99,-99,-99,-99,-99,-99,-99,0,12816,12816,0,0,110786,110783,673,0.0,28.7,25.0,61.5,-99,12.2,10.6,26.1,-99,161.3,82.0,68.4,34.8,99,21.0,10.3,17.7,16.2,419.6,224.9,258.3,-99,-99,1,2024-08-01
365,366,69,1,0,1,BA,CSCER048,ABSR2404,Sim1,-99,W3652401,2024,JP_NRNP06A,43.991,144.118,30,2024001,2024108,2024115,2024174,2024214,2024214,2024,89,6454,2736,2736,0,3162,0.02,13681,22.5,0.424,1.5,-99,-99,-99,-99,-99,0,0,326,351,105,247,0,18,22,1,40,-99,77,0,16,51,73,62,0.07,-99,-99,-99,-99,-99,-99,-99,-99,0,12817,12817,0,0,110794,110791,666,0.0,28.4,25.4,61.7,-99,12.0,10.8,26.1,-99,161.3,83.8,68.4,35.5,99,21.1,10.4,17.7,16.2,419.6,227.5,254.5,-99,-99,1,2024-08-01
366,367,70,1,0,1,BA,CSCER048,ABSR2404,Sim1,-99,W3662401,2024,JP_NRNP06A,43.991,144.118,30,2024001,2024108,2024115,2024174,2024214,2024214,2024,89,6453,2736,2736,0,3162,0.02,13681,22.5,0.424,1.5,-99,-99,-99,-99,-99,0,0,319,352,104,247,0,18,15,1,40,-99,79,0,14,52,75,64,0.069,-99,-99,-99,-99,-99,-99,-99,-99,0,12816,12816,0,0,110782,110779,677,0.0,29.3,25.3,61.9,-99,12.4,10.7,26.2,-99,161.3,81.5,68.4,34.6,99,21.1,10.4,17.4,16.2,419.6,220.1,254.8,-99,-99,1,2024-08-01
367,368,71,1,0,1,BA,CSCER048,ABSR2404,Sim1,-99,W3672401,2024,JP_NRNP06A,43.991,144.118,30,2024001,2024108,2024115,2024174,2024214,2024214,2024,89,6454,2736,2736,0,3162,0.02,13681,22.5,0.424,1.5,-99,-99,-99,-99,-99,0,0,352,355,105,251,5,18,39,1,40,-99,80,0,13,52,76,65,0.069,-99,-99,-99,-99,-99,-99,-99,-99,0,12816,12816,0,0,110785,110783,674,0.0,25.5,25.0,61.5,-99,10.8,10.6,26.1,-99,161.3,80.3,68.4,34.0,99,21.1,10.4,17.7,16.2,419.6,253.3,258.5,-99,-99,1,2024-08-01
368,369,72,1,0,1,BA,CSCER048,ABSR2404,Sim1,-99,W3682401,2024,JP_NRNP06A,43.991,144.118,30,2024001,2024108,2024115,2024174,2024214,2024214,2024,89,6455,2736,2736,0,3162,0.02,13681,22.5,0.424,1.5,-99,-99,-99,-99,-99,0,0,343,352,105,247,1,18,38,1,40,-99,78,0,15,51,74,62,0.069,-99,-99,-99,-99,-99,-99,-99,-99,0,12817,12816,0,0,110790,110787,670,0.0,26.4,25.3,61.6,-99,11.2,10.7,26.1,-99,161.4,83.2,68.4,35.2,99,21.1,10.3,17.6,16.2,419.6,244.3,255.1,-99,-99,1,2024-08-01
369,370,73,1,0,1,BA,CSCER048,ABSR2404,Sim1,-99,W3692401,2024,JP_NRNP06A,43.991,144.118,30,2024001,2024108,2024115,2024174,2024214,2024214,2024,89,6455,2736,2736,0,3162,0.02,13681,22.5,0.424,1.5,-99,-99,-99,-99,-99,0,0,320,355,105,250,0,18,13,1,40,-99,78,0,15,52,74,63,0.07,-99,-99,-99,-99,-99,-99,-99,-99,0,12816,12816,0,0,110786,110784,673,0.0,29.1,25.0,61.4,-99,12.3,10.6,26.0,-99,161.4,82.5,68.4,35.0,99,21.2,10.3,17.8,16.2,419.6,221.6,258.1,-99,-99,1,2024-08-01
370,371,74,1,0,1,BA,CSCER048,ABSR2404,Sim1,-99,W3702401,2024,JP_NRNP06A,43.991,144.118,30,2024001,2024108,2024115,2024174,2024213,2024213,2024,89,6452,2736,2736,0,3162,0.02,13681,22.5,0.424,1.5,-99,-99,-99,-99,-99,0,0,346,353,105,248,2,18,39,1,40,-99,79,0,14,51,75,64,0.069,-99,-99,-99,-99,-99,-99,-99,-99,0,12817,12817,0,0,110794,110791,666,0.0,26.1,25.2,61.7,-99,11.1,10.7,26.2,-99,161.3,81.9,68.4,34.7,98,21.1,10.3,17.7,16.2,419.6,247.3,255.7,-99,-99,1,2024-07-31
371,372,75,1,0,1,BA,CSCER048,ABSR2404,Sim1,-99,W3712401,2024,JP_NRNP06A,43.991,144.118,30,2024001,2024108,2024115,2024174,2024214,2024214,2024,89,6455,2736,2736,0,3162,0.02,13681,22.5,0.424,1.5,-99,-99,-99,-99,-99,0,0,308,351,105,246,0,18,4,1,40,-99,76,0,15,51,72,61,0.07,-99,-99,-99,-99,-99,-99,-99,-99,0,12817,12817,0,0,110796,110793,664,0.0,30.9,25.4,61.5,-99,13.1,10.8,26.1,-99,161.4,84.9,68.4,36.0,99,21.1,10.3,17.9,16.2,419.6,209.1,254.2,-99,-99,1,2024-08-01
372,373,76,1,0,1,BA,CSCER048,ABSR2404,Sim1,-99,W3722401,2024,JP_NRNP06A,43.991,144.118,30,2024001,2024108,2024115,2024174,2024214,2024214,2024,89,6453,2737,2737,0,3162,0.02,13681,22.5,0.424,1.5,-99,-99,-99,-99,-99,0,0,336,352,104,248,0,18,32,1,40,-99,79,0,14,51,75,63,0.069,-99,-99,-99,-99,-99,-99,-99,-99,0,12817,12816,0,0,110790,110787,670,0.0,27.2,25.3,61.8,-99,11.5,10.7,26.2,-99,161.3,82.1,68.4,34.8,99,20.9,10.2,17.5,16.2,419.6,237.6,255.2,-99,-99,1,2024-08-01
373,374,77,1,0,1,BA,CSCER048,ABSR2404,Sim1,-99,W3732401,2024,JP_NRNP06A,43.991,144.118,30,2024001,2024108,2024115,2024174,2024214,2024214,2024,89,6454,2736,2736,0,3162,0.02,13681,22.5,0.424,1.5,-99,-99,-99,-99,-99,0,0,311,351,105,246,0,18,8,1,40,-99,78,0,14,52,74,63,0.07,-99,-99,-99,-99,-99,-99,-99,-99,0,12816,12816,0,0,110787,110785,672,0.0,30.3,25.4,61.5,-99,12.8,10.8,26.1,-99,161.3,83.0,68.4,35.2,99,21.1,10.3,17.7,16.2,419.6,213.0,254.2,-99,-99,1,2024-08-01
374,375,78,1,0,1,BA,CSCER048,ABSR2404,Sim1,-99,W3742401,2024,JP_NRNP06A,43.991,144.118,30,2024001,2024108,2024115,2024174,2024214,2024214,2024,89,6453,2736,2736,0,3162,0.02,13681,22.5,0.424,1.5,-99,-99,-99,-99,-99,0,0,307,349,104,245,0,18,6,1,40,-99,76,0,15,51,72,61,0.07,-99,-99,-99,-99,-99,-99,-99,-99,0,12817,12817,0,0,110797,110794,663,0.0,30.9,25.6,61.8,-99,13.1,10.8,26.2,-99,161.3,85.0,68.4,36.1,99,21.0,10.3,17.6,16.2,419.6,209.0,252.5,-99,-99,1,2024-08-01
375,376,79,1,0,1,BA,CSCER048,ABSR2404,Sim1,-99,W3752401,2024,JP_NRNP06A,43.991,144.118,30,2024001,2024108,2024115,2024174,2024214,2024214,2024,89,6453,2736,2736,0,3162,0.02,13681,22.5,0.424,1.5,-99,-99,-99,-99,-99,0,0,339,349,104,245,3,18,36,1,40,-99,75,0,16,50,71,60,0.07,-99,-99,-99,-99,-99,-99,-99,-99,0,12818,12817,0,0,110801,110798,659,0.0,26.8,25.6,62.0,-99,11.4,10.9,26.3,-99,161.3,86.3,68.4,36.6,99,21.1,10.3,17.8,16.2,419.6,240.7,251.9,-99,-99,1,2024-08-01
376,377,80,1,0,1,BA,CSCER048,ABSR2404,Sim1,-99,W3762401,2024,JP_NRNP06A,43.991,144.118,30,2024001,2024108,2024115,2024174,2024214,2024214,2024,89,6454,2736,2736,0,3162,0.02,13681,22.5,0.424,1.5,-99,-99,-99,-99,-99,0,0,333,352,105,247,0,18,29,1,40,-99,78,0,15,52,74,63,0.069,-99,-99,-99,-99,-99,-99,-99,-99,0,12816,12816,0,0,110788,110785,672,0.0,27.5,25.3,61.7,-99,11.7,10.7,26.2,-99,161.3,82.5,68.4,35.0,99,21.1,10.3,17.5,16.2,419.6,234.6,254.8,-99,-99,1,2024-08-01
377,378,81,1,0,1,BA,CSCER048,ABSR2404,Sim1,-99,W3772401,2024,JP_NRNP06A,43.991,144.118,30,2024001,2024108,2024115,2024174,2024214,2024214,2024,89,6454,2736,2736,0,3162,0.02,13681,22.5,0.424,1.5,-99,-99,-99,-99,-99,0,0,315,353,105,248,0,18,10,1,40,-99,78,0,14,52,74,63,0.07,-99,-99,-99,-99,-99,-99,-99,-99,0,12816,12816,0,0,110787,110785,672,0.0,29.8,25.2,61.4,-99,12.6,10.7,26.0,-99,161.4,82.5,68.4,35.0,99,21.1,10.3,17.7,16.2,419.6,216.4,256.2,-99,-99,1,2024-08-01
378,379,82,1,0,1,BA,CSCER048,ABSR2404,Sim1,-99,W3782401,2024,JP_NRNP06A,43.991,144.118,30,2024001,2024108,2024115,2024174,2024215,2024215,2024,89,6455,2736,2736,0,3162,0.02,13681,22.5,0.424,1.5,-99,-99,-99,-99,-99,0,0,329,355,105,250,0,18,23,1,40,-99,80,0,13,53,76,65,0.069,-99,-99,-99,-99,-99,-99,-99,-99,0,12815,12815,0,0,110778,110775,682,0.0,27.9,25.0,61.7,-99,11.8,10.6,26.1,-99,161.4,80.2,68.4,34.0,100,20.9,10.2,17.5,16.2,419.6,231.0,257.8,-99,-99,1,2024-08-02
379,380,83,1,0,1,BA,CSCER048,ABSR2404,Sim1,-99,W3792401,2024,JP_NRNP06A,43.991,144.118,30,2024001,2024108,2024115,2024174,2024214,2024214,2024,89,6454,2736,2736,0,3162,0.02,13681,22.5,0.424,1.5,-99,-99,-99,-99,-99,0,0,305,349,104,244,0,18,4,1,40,-99,75,0,15,50,71,60,0.07,-99,-99,-99,-99,-99,-99,-99,-99,0,12818,12817,0,0,110802,110799,658,0.0,31.3,25.6,61.9,-99,13.3,10.9,26.2,-99,161.4,86.2,68.4,36.6,99,21.1,10.3,18.0,16.2,419.6,206.2,251.7,-99,-99,1,2024-08-01
380,381,84,1,0,1,BA,CSCER048,ABSR2404,Sim1,-99,W3802401,2024,JP_NRNP06A,43.991,144.118,30,2024001,2024108,2024115,2024174,2024214,2024214,2024,89,6453,2736,2736,0,3162,0.02,13681,22.5,0.424,1.5,-99,-99,-99,-99,-99,0,0,316,351,104,247,0,18,13,1,40,-99,79,0,14,52,75,64,0.069,-99,-99,-99,-99,-99,-99,-99,-99,0,12816,12816,0,0,110782,110780,677,0.0,29.7,25.4,61.8,-99,12.6,10.8,26.2,-99,161.3,81.7,68.4,34.6,99,21.0,10.3,17.5,16.2,419.6,217.5,254.5,-99,-99,1,2024-08-01
381,382,85,1,0,1,BA,CSCER048,ABSR2404,Sim1,-99,W3812401,2024,JP_NRNP06A,43.991,144.118,30,2024001,2024108,2024115,2024174,2024214,2024214,2024,89,6454,2736,2736,0,3162,0.02,13681,22.5,0.424,1.5,-99,-99,-99,-99,-99,0,0,313,355,105,249,0,18,7,1,40,-99,78,0,14,52,74,63,0.07,-99,-99,-99,-99,-99,-99,-99,-99,0,12816,12816,0,0,110786,110783,674,0.0,30.0,25.1,61.3,-99,12.7,10.6,26.0,-99,161.3,82.4,68.4,34.9,99,21.1,10.4,17.8,16.2,419.6,215.0,257.6,-99,-99,1,2024-08-01
382,383,86,1,0,1,BA,CSCER048,ABSR2404,Sim1,-99,W3822401,2024,JP_NRNP06A,43.991,144.118,30,2024001,2024108,2024115,2024174,2024214,2024214,2024,89,6454,2736,2736,0,3162,0.02,13681,22.5,0.424,1.5,-99,-99,-99,-99,-99,0,0,326,350,104,245,0,18,24,1,40,-99,76,0,16,51,72,61,0.07,-99,-99,-99,-99,-99,-99,-99,-99,0,12817,12817,0,0,110797,110795,662,0.0,28.3,25.5,61.8,-99,12.0,10.8,26.2,-99,161.4,84.8,68.4,35.9,99,21.1,10.3,17.6,16.2,419.6,227.8,252.9,-99,-99,1,2024-08-01
383,384,87,1,0,1,BA,CSCER048,ABSR2404,Sim1,-99,W3832401,2024,JP_NRNP06A,43.991,144.118,30,2024001,2024108,2024115,2024174,2024214,2024214,2024,89,6454,2736,2736,0,3162,0.02,13681,22.5,0.424,1.5,-99,-99,-99,-99,-99,0,0,319,351,104,246,0,18,16,1,40,-99,75,0,15,50,71,60,0.07,-99,-99,-99,-99,-99,-99,-99,-99,0,12817,12817,0,0,110800,110798,659,0.0,29.3,25.5,61.9,-99,12.4,10.8,26.2,-99,161.3,85.9,68.4,36.4,99,21.0,10.3,17.7,16.2,419.6,220.1,253.6,-99,-99,1,2024-08-01
384,385,88,1,0,1,BA,CSCER048,ABSR2404,Sim1,-99,W3842401,2024,JP_NRNP06A,43.991,144.118,30,2024001,2024108,2024115,2024174,2024213,2024213,2024,89,6452,2736,2736,0,3162,0.02,13681,22.5,0.424,1.5,-99,-99,-99,-99,-99,0,0,307,348,104,244,0,18,7,1,40,-99,75,0,15,50,71,60,0.07,-99,-99,-99,-99,-99,-99,-99,-99,0,12818,12818,0,0,110803,110800,657,0.0,30.9,25.7,61.8,-99,13.1,10.9,26.2,-99,161.3,85.9,68.4,36.4,98,21.1,10.3,17.6,16.2,419.6,208.6,251.3,-99,-99,1,2024-07-31
385,386,89,1,0,1,BA,CSCER048,ABSR2404,Sim1,-99,W3852401,2024,JP_NRNP06A,43.991,144.118,30,2024001,2024108,2024115,2024174,2024214,2024214,2024,89,6454,2736,2736,0,3162,0.02,13681,22.5,0.424,1.5,-99,-99,-99,-99,-99,0,0,306,348,104,243,0,18,6,1,40,-99,75,0,16,50,71,60,0.07,-99,-99,-99,-99,-99,-99,-99,-99,0,12818,12817,0,0,110801,110798,659,0.0,31.2,25.7,61.9,-99,13.2,10.9,26.3,-99,161.3,86.3,68.4,36.6,99,21.1,10.3,17.7,16.2,419.6,207.1,250.8,-99,-99,1,2024-08-01
386,387,90,1,0,1,BA,CSCER048,ABSR2404,Sim1,-99,W3862401,2024,JP_NRNP06A,43.991,144.118,30,2024001,2024108,2024115,2024174,2024213,2024213,2024,89,6450,2736,2736,0,3162,0.02,13681,22.5,0.424,1.5,-99,-99,-99,-99,-99,0,0,332,351,104,247,0,18,29,1,40,-99,78,0,14,51,74,63,0.069,-99,-99,-99,-99,-99,-99,-99,-99,0,12817,12816,0,0,110790,110788,669,0.0,27.7,25.4,61.9,-99,11.7,10.8,26.3,-99,161.2,82.3,68.4,34.9,98,21.1,10.4,17.6,16.2,419.6,233.2,253.7,-99,-99,1,2024-07-31
387,388,91,1,0,1,BA,CSCER048,ABSR2404,Sim1,-99,W3872401,2024,JP_NRNP06A,43.991,144.118,30,2024001,2024108,2024115,2024174,2024214,2024214,2024,89,6453,2721,2721,0,3147,0.0199,13681,22.5,0.422,1.5,-99,-99,-99,-99,-99,0,0,329,354,105,249,0,18,23,1,40,-99,79,0,14,52,75,64,0.069,-99,-99,-99,-99,-99,-99,-99,-99,0,12816,12816,0,0,110787,110785,672,0.0,28.0,25.1,61.6,-99,11.8,10.6,26.0,-99,161.3,82.0,68.0,34.6,99,20.9,10.2,17.7,16.2,419.6,230.7,257.1,-99,-99,1,2024-08-01
388,389,92,1,0,1,BA,CSCER048,ABSR2404,Sim1,-99,W3882401,2024,JP_NRNP06A,43.991,144.118,30,2024001,2024108,2024115,2024174,2024214,2024214,2024,89,6454,2737,2737,0,3162,0.02,13681,22.5,0.424,1.5,-99,-99,-99,-99,-99,0,0,317,352,105,247,0,18,13,1,40,-99,76,0,15,51,72,61,0.07,-99,-99,-99,-99,-99,-99,-99,-99,0,12817,12817,0,0,110799,110796,660,0.0,29.5,25.3,61.5,-99,12.5,10.7,26.1,-99,161.3,84.9,68.4,36.0,99,20.9,10.2,17.7,16.2,419.6,218.8,255.1,-99,-99,1,2024-08-01
389,390,93,1,0,1,BA,CSCER048,ABSR2404,Sim1,-99,W3892401,2024,JP_NRNP06A,43.991,144.118,30,2024001,2024108,2024115,2024174,2024215,2024215,2024,89,6453,2736,2736,0,3162,0.02,13681,22.5,0.424,1.5,-99,-99,-99,-99,-99,0,0,315,350,105,245,0,18,13,1,40,-99,75,0,16,51,71,60,0.07,-99,-99,-99,-99,-99,-99,-99,-99,0,12817,12817,0,0,110799,110796,661,0.0,29.8,25.5,61.7,-99,12.6,10.8,26.2,-99,161.3,86.1,68.4,36.5,100,21.0,10.2,17.6,16.2,419.6,216.5,252.7,-99,-99,1,2024-08-02
390,391,94,1,0,1,BA,CSCER048,ABSR2404,Sim1,-99,W3902401,2024,JP_NRNP06A,43.991,144.118,30,2024001,2024108,2024115,2024174,2024214,2024214,2024,89,6453,2736,2736,0,3162,0.02,13681,22.5,0.424,1.5,-99,-99,-99,-99,-99,0,0,335,353,104,248,0,18,30,1,40,-99,79,0,14,52,75,64,0.07,-99,-99,-99,-99,-99,-99,-99,-99,0,12816,12816,0,0,110784,110782,675,0.0,27.3,25.2,61.8,-99,11.6,10.7,26.2,-99,161.3,81.9,68.4,34.7,99,21.1,10.4,17.5,16.2,419.6,236.5,255.8,-99,-99,1,2024-08-01
391,392,95,1,0,1,BA,CSCER048,ABSR2404,Sim1,-99,W3912401,2024,JP_NRNP06A,43.991,144.118,30,2024001,2024108,2024115,2024174,2024214,2024214,2024,89,6454,2736,2736,0,3162,0.02,13681,22.5,0.424,1.5,-99,-99,-99,-99,-99,0,0,332,353,105,248,0,18,26,1,40,-99,79,0,14,52,74,63,0.069,-99,-99,-99,-99,-99,-99,-99,-99,0,12816,12816,0,0,110786,110783,673,0.0,27.6,25.2,61.5,-99,11.7,10.7,26.1,-99,161.4,82.2,68.4,34.8,99,21.1,10.3,17.7,16.2,419.6,233.5,256.4,-99,-99,1,2024-08-01
392,393,96,1,0,1,BA,CSCER048,ABSR2404,Sim1,-99,W3922401,2024,JP_NRNP06A,43.991,144.118,30,2024001,2024108,2024115,2024174,2024214,2024214,2024,89,6457,2733,2733,0,3159,0.02,13681,22.5,0.423,1.5,-99,-99,-99,-99,-99,0,0,318,353,105,248,0,18,13,1,40,-99,78,0,14,52,74,63,0.07,-99,-99,-99,-99,-99,-99,-99,-99,0,12816,12816,0,0,110784,110782,675,0.0,29.5,25.2,61.8,-99,12.5,10.7,26.1,-99,161.4,82.6,68.3,35.0,99,21.1,10.3,17.6,16.2,419.6,219.1,256.0,-99,-99,1,2024-08-01
393,394,97,1,0,1,BA,CSCER048,ABSR2404,Sim1,-99,W3932401,2024,JP_NRNP06A,43.991,144.118,30,2024001,2024108,2024115,2024174,2024214,2024214,2024,89,6453,2736,2736,0,3162,0.02,13681,22.5,0.424,1.5,-99,-99,-99,-99,-99,0,0,311,348,104,244,0,18,11,1,40,-99,75,0,16,50,71,60,0.07,-99,-99,-99,-99,-99,-99,-99,-99,0,12818,12817,0,0,110801,110798,658,0.0,30.4,25.7,61.9,-99,12.9,10.9,26.3,-99,161.3,86.3,68.4,36.6,99,21.1,10.3,17.6,16.2,419.6,212.2,251.1,-99,-99,1,2024-08-01
394,395,98,1,0,1,BA,CSCER048,ABSR2404,Sim1,-99,W3942401,2024,JP_NRNP06A,43.991,144.118,30,2024001,2024108,2024115,2024174,2024215,2024215,2024,89,6457,2736,2736,0,3162,0.02,13681,22.5,0.424,1.5,-99,-99,-99,-99,-99,0,0,304,348,104,244,0,18,3,1,40,-99,75,0,15,50,71,60,0.07,-99,-99,-99,-99,-99,-99,-99,-99,0,12818,12818,0,0,110803,110800,657,0.0,31.4,25.7,61.9,-99,13.3,10.9,26.2,-99,161.4,86.3,68.4,36.6,100,20.9,10.1,17.7,16.2,419.6,205.3,251.5,-99,-99,1,2024-08-02
395,396,1,1,0,1,BA,CSCER048,ABSR2405,Sim1,-99,W3952401,2024,JP_NRNP06A,43.991,144.118,30,2024001,2024108,2024115,2024174,2024215,2024215,2024,89,6454,2736,2736,0,3162,0.02,13681,22.5,0.424,1.5,-99,-99,-99,-99,-99,0,0,323,354,105,249,0,18,17,1,40,-99,78,0,15,51,74,63,0.07,-99,-99,-99,-99,-99,-99,-99,-99,0,12817,12817,0,0,110792,110789,667,0.0,28.7,25.1,61.4,-99,12.2,10.7,26.0,-99,161.4,83.0,68.4,35.2,100,20.9,10.2,17.7,16.2,419.6,224.7,256.9,-99,-99,1,2024-08-02
396,397,2,1,0,1,BA,CSCER048,ABSR2405,Sim1,-99,W3962401,2024,JP_NRNP06A,43.991,144.118,30,2024001,2024108,2024115,2024174,2024214,2024214,2024,89,6454,2736,2736,0,3162,0.02,13681,22.5,0.424,1.5,-99,-99,-99,-99,-99,0,0,333,353,105,248,0,18,28,1,40,-99,78,0,15,51,74,63,0.069,-99,-99,-99,-99,-99,-99,-99,-99,0,12817,12817,0,0,110791,110789,668,0.0,27.5,25.2,61.5,-99,11.6,10.7,26.1,-99,161.4,83.0,68.4,35.2,99,21.0,10.3,17.7,16.2,419.6,235.0,256.4,-99,-99,1,2024-08-01
397,398,3,1,0,1,BA,CSCER048,ABSR2405,Sim1,-99,W3972401,2024,JP_NRNP06A,43.991,144.118,30,2024001,2024108,2024115,2024174,2024213,2024213,2024,89,6451,2736,2736,0,3162,0.02,13681,22.5,0.424,1.5,-99,-99,-99,-99,-99,0,0,345,351,104,247,3,18,39,1,40,-99,77,0,15,51,73,62,0.069,-99,-99,-99,-99,-99,-99,-99,-99,0,12817,12817,0,0,110797,110794,663,0.0,26.1,25.4,61.9,-99,11.1,10.8,26.3,-99,161.3,83.6,68.4,35.5,98,21.1,10.4,17.6,16.2,419.6,246.7,254.0,-99,-99,1,2024-07-31
398,399,4,1,0,1,BA,CSCER048,ABSR2405,Sim1,-99,W3982401,2024,JP_NRNP06A,43.991,144.118,30,2024001,2024108,2024115,2024174,2024213,2024213,2024,89,6450,2736,2736,0,3162,0.02,13681,22.5,0.424,1.5,-99,-99,-99,-99,-99,0,0,307,349,104,244,0,18,6,1,40,-99,75,0,15,51,71,60,0.07,-99,-99,-99,-99,-99,-99,-99,-99,0,12817,12817,0,0,110800,110798,659,0.0,31.0,25.6,61.9,-99,13.1,10.9,26.3,-99,161.3,85.5,68.4,36.3,98,21.2,10.4,17.6,16.2,419.6,208.1,251.6,-99,-99,1,2024-07-31
399,400,5,1,0,1,BA,CSCER048,ABSR2405,Sim1,-99,W3992401,2024,JP_NRNP06A,43.991,144.118,30,2024001,2024108,2024115,2024174,2024214,2024214,2024,89,6455,2736,2736,0,3162,0.02,13681,22.5,0.424,1.5,-99,-99,-99,-99,-99,0,0,317,353,105,248,0,18,12,1,40,-99,78,0,14,51,74,63,0.07,-99,-99,-99,-99,-99,-99,-99,-99,0,12817,12816,0,0,110789,110787,670,0.0,29.5,25.2,61.3,-99,12.5,10.7,26.0,-99,161.4,82.8,68.4,35.1,99,21.0,10.2,17.8,16.2,419.6,218.7,256.4,-99,-99,1,2024-08-01
